0	0
0.0375	0
0.075	0
0.1125	0
0.15	0
0.1875	0
0.225	0
0.2625	0
0.3	0
0.3375	0
0.375	0
0.4125	0
0.45	0
0.4875	0
0.525	0
0.5625	0
0.6	0
0.6375	0
0.675	0
0.7125	0
0.75	0
0.7875	0
0.825	0
0.8625	0
0.9	0
0.9375	0
0.975	0
1.0125	0
1.05	0
1.0875	0
1.125	0
1.1625	0
1.2	0
1.2375	0
1.275	0
1.3125	0
1.35	0
1.3875	0
1.425	0
1.4625	0
1.5	0
1.5375	0
1.575	0
1.6125	0
1.65	0
1.6875	0
1.725	0
1.7625	0
1.8	0
1.8375	0
1.875	0
1.9125	0
1.95	0
1.9875	0
2.025	0
2.0625	0
2.1	0
2.1375	0
2.175	0
2.2125	0
2.25	0
2.2875	0
2.325	0
2.3625	0
2.4	0
2.4375	0
2.475	0
2.5125	0
2.55	0
2.5875	0
2.625	0
2.6625	0
2.7	0
2.7375	0
2.775	0
2.8125	0
2.85	0
2.8875	0
2.925	0
2.9625	0
3	0
3.0375	0
3.075	0
3.1125	0
3.15	0
3.1875	0
3.225	0
3.2625	0
3.3	0
3.3375	0
3.375	0
3.4125	0
3.45	0
3.4875	0
3.525	0
3.5625	0
3.6	0
3.6375	0
3.675	0
3.7125	0
3.75	0
3.7875	0
3.825	0
3.8625	0
3.9	0
3.9375	0
3.975	0
4.0125	0
4.05	0
4.0875	0
4.125	0
4.1625	0
4.2	0
4.2375	0
4.275	0
4.3125	0
4.35	0
4.3875	0
4.425	0
4.4625	0
4.5	0
4.5375	0
4.575	0
4.6125	0
4.65	0
4.6875	0
4.725	0
4.7625	0
4.8	0
4.8375	0
4.875	0
4.9125	0
4.95	0
4.9875	0
5.025	0
5.0625	0
5.1	0
5.1375	0
5.175	0
5.2125	0
5.25	0
5.2875	0
5.325	0
5.3625	0
5.4	0
5.4375	0
5.475	0
5.5125	0
5.55	0
5.5875	0
5.625	0
5.6625	0
5.7	0
5.7375	0
5.775	0
5.8125	0
5.85	0
5.8875	0
5.925	0
5.9625	0
6	0
6.0375	0
6.075	0
6.1125	0
6.15	0
6.1875	0
6.225	0
6.2625	0
6.3	0
6.3375	0
6.375	0
6.4125	0
6.45	0
6.4875	0
6.525	0
6.5625	0
6.6	0
6.6375	0
6.675	0
6.7125	0
6.75	0
6.7875	0
6.825	0
6.8625	0
6.9	0
6.9375	0
6.975	0
7.0125	0
7.05	0
7.0875	0
7.125	0
7.1625	0
7.2	0
7.2375	0
7.275	0
7.3125	0
7.35	0
7.3875	0
7.425	0
7.4625	0
7.5	0
7.5375	0
7.575	0
7.6125	0
7.65	0
7.6875	0
7.725	0
7.7625	0
7.8	0
7.8375	0
7.875	0
7.9125	0
7.95	0
7.9875	0
8.025	0
8.0625	0
8.1	0
8.1375	0
8.175	0
8.2125	0
8.25	0
8.2875	0
8.325	0
8.3625	0
8.4	0
8.4375	0
8.475	0
8.5125	0
8.55	0
8.5875	0
8.625	0
8.6625	0
8.7	0
8.7375	0
8.775	0
8.8125	0
8.85	0
8.8875	0
8.925	0
8.9625	0
9	0
9.0375	0
9.075	0
9.1125	0
9.15	0
9.1875	0
9.225	0
9.2625	0
9.3	0
9.3375	0
9.375	0
9.4125	0
9.45	0
9.4875	0
9.525	0
9.5625	0
9.6	0
9.6375	0
9.675	0
9.7125	0
9.75	0
9.7875	0
9.825	0
9.8625	0
9.9	0
9.9375	0
9.975	0
10.0125	0
10.05	0
10.0875	0
10.125	0
10.1625	0
10.2	0
10.2375	0
10.275	0
10.3125	0
10.35	0
10.3875	0
10.425	0
10.4625	0
10.5	0
10.5375	0
10.575	0
10.6125	0
10.65	0
10.6875	0
10.725	0
10.7625	0
10.8	0
10.8375	0
10.875	0
10.9125	0
10.95	0
10.9875	0
11.025	0
11.0625	0
11.1	0
11.1375	0
11.175	0
11.2125	0
11.25	0
11.2875	0
11.325	0
11.3625	0
11.4	0
11.4375	0
11.475	0
11.5125	0
11.55	0
11.5875	0
11.625	0
11.6625	0
11.7	0
11.7375	0
11.775	0
11.8125	0
11.85	0
11.8875	0
11.925	0
11.9625	0
12	0
12.0375	0
12.075	0
12.1125	0
12.15	0
12.1875	0
12.225	0
12.2625	0
12.3	0
12.3375	0
12.375	0
12.4125	0
12.45	0
12.4875	0
12.525	0
12.5625	0
12.6	0
12.6375	0
12.675	0
12.7125	0
12.75	0
12.7875	0
12.825	0
12.8625	0
12.9	0
12.9375	0
12.975	0
13.0125	0
13.05	0
13.0875	0
13.125	0
13.1625	0
13.2	0
13.2375	0
13.275	0
13.3125	0
13.35	0
13.3875	0
13.425	0
13.4625	0
13.5	0
13.5375	0
13.575	0
13.6125	0
13.65	0
13.6875	0
13.725	0
13.7625	0
13.8	0
13.8375	0
13.875	0
13.9125	0
13.95	0
13.9875	0
14.025	0
14.0625	0
14.1	0
14.1375	0
14.175	0
14.2125	0
14.25	0
14.2875	0
14.325	0
14.3625	0
14.4	0
14.4375	0
14.475	0
14.5125	0
14.55	0
14.5875	0
14.625	0
14.6625	0
14.7	0
14.7375	0
14.775	0
14.8125	0
14.85	0
14.8875	0
14.925	0
14.9625	0
15	0
15.0375	0
15.075	0
15.1125	0
15.15	0
15.1875	0
15.225	0
15.2625	0
15.3	0
15.3375	0
15.375	0
15.4125	0
15.45	0
15.4875	0
15.525	0
15.5625	0
15.6	0
15.6375	0
15.675	0
15.7125	0
15.75	0
15.7875	0
15.825	0
15.8625	0
15.9	0
15.9375	0
15.975	0
16.0125	0
16.05	0
16.0875	0
16.125	0
16.1625	0
16.2	0
16.2375	0
16.275	0
16.3125	0
16.35	0
16.3875	0
16.425	0
16.4625	0
16.5	0
16.5375	0
16.575	0
16.6125	0
16.65	0
16.6875	0
16.725	0
16.7625	0
16.8	0
16.8375	0
16.875	0
16.9125	0
16.95	0
16.9875	0
17.025	0
17.0625	0
17.1	0
17.1375	0
17.175	0
17.2125	0
17.25	0
17.2875	0
17.325	0
17.3625	0
17.4	0
17.4375	0
17.475	0
17.5125	0
17.55	0
17.5875	0
17.625	0
17.6625	0
17.7	0
17.7375	0
17.775	0
17.8125	0
17.85	0
17.8875	0
17.925	0
17.9625	0
18	0
18.0375	0
18.075	0
18.1125	0
18.15	0
18.1875	0
18.225	0
18.2625	0
18.3	0
18.3375	0
18.375	0
18.4125	0
18.45	0
18.4875	0
18.525	0
18.5625	0
18.6	0
18.6375	0
18.675	0
18.7125	0
18.75	0
18.7875	0
18.825	0
18.8625	0
18.9	0
18.9375	0
18.975	0
19.0125	0
19.05	0
19.0875	0
19.125	0
19.1625	0
19.2	0
19.2375	0
19.275	0
19.3125	0
19.35	0
19.3875	0
19.425	0
19.4625	0
19.5	0
19.5375	0
19.575	0
19.6125	0
19.65	0
19.6875	0
19.725	0
19.7625	0
19.8	0
19.8375	0
19.875	0
19.9125	0
19.95	0
19.9875	0
20.025	0
20.0625	0
20.1	0
20.1375	0
20.175	0
20.2125	0
20.25	0
20.2875	0
20.325	0
20.3625	0
20.4	0
20.4375	0
20.475	0
20.5125	0
20.55	0
20.5875	0
20.625	0
20.6625	0
20.7	0
20.7375	0
20.775	0
20.8125	0
20.85	0
20.8875	0
20.925	0
20.9625	0
21	0
21.0375	0
21.075	0
21.1125	0
21.15	0
21.1875	0
21.225	0
21.2625	0
21.3	0
21.3375	0
21.375	0
21.4125	0
21.45	0
21.4875	0
21.525	0
21.5625	0
21.6	0
21.6375	0
21.675	0
21.7125	0
21.75	0
21.7875	0
21.825	0
21.8625	0
21.9	0
21.9375	0
21.975	0
22.0125	0
22.05	0
22.0875	0
22.125	0
22.1625	0
22.2	0
22.2375	0
22.275	0
22.3125	0
22.35	0
22.3875	0
22.425	0
22.4625	0
22.5	0
22.5375	0
22.575	0
22.6125	0
22.65	0
22.6875	0
22.725	0
22.7625	0
22.8	0
22.8375	0
22.875	0
22.9125	0
22.95	0
22.9875	0
23.025	0
23.0625	0
23.1	0
23.1375	0
23.175	0
23.2125	0
23.25	0
23.2875	0
23.325	0
23.3625	0
23.4	0
23.4375	0
23.475	0
23.5125	0
23.55	0
23.5875	0
23.625	0
23.6625	0
23.7	0
23.7375	0
23.775	0
23.8125	0
23.85	0
23.8875	0
23.925	0
23.9625	0
24	0
24.0375	0
24.075	0
24.1125	0
24.15	0
24.1875	0
24.225	0
24.2625	0
24.3	0
24.3375	0
24.375	0
24.4125	0
24.45	0
24.4875	0
24.525	0
24.5625	0
24.6	0
24.6375	0
24.675	0
24.7125	0
24.75	0
24.7875	0
24.825	0
24.8625	0
24.9	0
24.9375	0
24.975	0
25.0125	0
25.05	0
25.0875	0
25.125	0
25.1625	0
25.2	0
25.2375	0
25.275	0
25.3125	0
25.35	0
25.3875	0
25.425	0
25.4625	0
25.5	0
25.5375	0
25.575	0
25.6125	0
25.65	0
25.6875	0
25.725	0
25.7625	0
25.8	0
25.8375	0
25.875	0
25.9125	0
25.95	0
25.9875	0
26.025	0
26.0625	0
26.1	0
26.1375	0
26.175	0
26.2125	0
26.25	0
26.2875	0
26.325	0
26.3625	0
26.4	0
26.4375	0
26.475	0
26.5125	0
26.55	0
26.5875	0
26.625	0
26.6625	0
26.7	0
26.7375	0
26.775	0
26.8125	0
26.85	0
26.8875	0
26.925	0
26.9625	0
27	0
27.0375	0
27.075	0
27.1125	0
27.15	0
27.1875	0
27.225	0
27.2625	0
27.3	0
27.3375	0
27.375	0
27.4125	0
27.45	0
27.4875	0
27.525	0
27.5625	0
27.6	0
27.6375	0
27.675	0
27.7125	0
27.75	0
27.7875	0
27.825	0
27.8625	0
27.9	0
27.9375	0
27.975	0
28.0125	0
28.05	0
28.0875	0
28.125	0
28.1625	0
28.2	0
28.2375	0
28.275	0
28.3125	0
28.35	0
28.3875	0
28.425	0
28.4625	0
28.5	0
28.5375	0
28.575	0
28.6125	0
28.65	0
28.6875	0
28.725	0
28.7625	0
28.8	0
28.8375	0
28.875	0
28.9125	0
28.95	0
28.9875	0
29.025	0
29.0625	0
29.1	0
29.1375	0
29.175	0
29.2125	0
29.25	0
29.2875	0
29.325	0
29.3625	0
29.4	0
29.4375	0
29.475	0
29.5125	0
29.55	0
29.5875	0
29.625	0
29.6625	0
29.7	0
29.7375	0
29.775	0
29.8125	0
29.85	0
29.8875	0
29.925	0
29.9625	0
30	0
30.0375	0
30.075	0
30.1125	0
30.15	0
30.1875	0
30.225	0
30.2625	0
30.3	0
30.3375	0
30.375	0
30.4125	0
30.45	0
30.4875	0
30.525	0
30.5625	0
30.6	0
30.6375	0
30.675	0
30.7125	0
30.75	0
30.7875	0
30.825	0
30.8625	0
30.9	0
30.9375	0
30.975	0
31.0125	0
31.05	0
31.0875	0
31.125	0
31.1625	0
31.2	0
31.2375	0
31.275	0
31.3125	0
31.35	0
31.3875	0
31.425	0
31.4625	0
31.5	0
31.5375	0
31.575	0
31.6125	0
31.65	0
31.6875	0
31.725	0
31.7625	0
31.8	0
31.8375	0
31.875	0
31.9125	0
31.95	0
31.9875	0
32.025	0
32.0625	0
32.1	0
32.1375	0
32.175	0
32.2125	0
32.25	0
32.2875	0
32.325	0
32.3625	0
32.4	0
32.4375	0
32.475	0
32.5125	0
32.55	0
32.5875	0
32.625	0
32.6625	0
32.7	0
32.7375	0
32.775	0
32.8125	0
32.85	0
32.8875	0
32.925	0
32.9625	0
33	0
33.0375	0
33.075	0
33.1125	0
33.15	0
33.1875	0
33.225	0
33.2625	0
33.3	0
33.3375	0
33.375	0
33.4125	0
33.45	0
33.4875	0
33.525	0
33.5625	0
33.6	0
33.6375	0
33.675	0
33.7125	0
33.75	0
33.7875	0
33.825	0
33.8625	0
33.9	0
33.9375	0
33.975	0
34.0125	0
34.05	0
34.0875	0
34.125	0
34.1625	0
34.2	0
34.2375	0
34.275	0
34.3125	0
34.35	0
34.3875	0
34.425	0
34.4625	0
34.5	0
34.5375	0
34.575	0
34.6125	0
34.65	0
34.6875	0
34.725	0
34.7625	0
34.8	0
34.8375	0
34.875	0
34.9125	0
34.95	0
34.9875	0
35.025	0
35.0625	0
35.1	0
35.1375	0
35.175	0
35.2125	0
35.25	0
35.2875	0
35.325	0
35.3625	0
35.4	0
35.4375	0
35.475	0
35.5125	0
35.55	0
35.5875	0
35.625	0
35.6625	0
35.7	0
35.7375	0
35.775	0
35.8125	0
35.85	0
35.8875	0
35.925	0
35.9625	0
36	0
36.0375	0
36.075	0
36.1125	0
36.15	0
36.1875	0
36.225	0
36.2625	0
36.3	0
36.3375	0
36.375	0
36.4125	0
36.45	0
36.4875	0
36.525	0
36.5625	0
36.6	0
36.6375	0
36.675	0
36.7125	0
36.75	0
36.7875	0
36.825	0
36.8625	0
36.9	0
36.9375	0
36.975	0
37.0125	0
37.05	0
37.0875	0
37.125	0
37.1625	0
37.2	0
37.2375	0
37.275	0
37.3125	0
37.35	0
37.3875	0
37.425	0
37.4625	0
37.5	0
37.5375	0
37.575	0
37.6125	0
37.65	0
37.6875	0
37.725	0
37.7625	0
37.8	0
37.8375	0
37.875	0
37.9125	0
37.95	0
37.9875	0
38.025	0
38.0625	0
38.1	0
38.1375	0
38.175	0
38.2125	0
38.25	0
38.2875	0
38.325	0
38.3625	0
38.4	0
38.4375	0
38.475	0
38.5125	0
38.55	0
38.5875	0
38.625	0
38.6625	0
38.7	0
38.7375	0
38.775	0
38.8125	0
38.85	0
38.8875	0
38.925	0
38.9625	0
39	0
39.0375	0
39.075	0
39.1125	0
39.15	0
39.1875	0
39.225	0
39.2625	0
39.3	0
39.3375	0
39.375	0
39.4125	0
39.45	0
39.4875	0
39.525	0
39.5625	0
39.6	0
39.6375	0
39.675	0
39.7125	0
39.75	0
39.7875	0
39.825	0
39.8625	0
39.9	0
39.9375	0
39.975	0
40.0125	0
40.05	0
40.0875	0
40.125	0
40.1625	0
40.2	0
40.2375	0
40.275	0
40.3125	0
40.35	0
40.3875	0
40.425	0
40.4625	0
40.5	0
40.5375	0
40.575	0
40.6125	0
40.65	0
40.6875	0
40.725	0
40.7625	0
40.8	0
40.8375	0
40.875	0
40.9125	0
40.95	0
40.9875	0
41.025	0
41.0625	0
41.1	0
41.1375	0
41.175	0
41.2125	0
41.25	0
41.2875	0
41.325	0
41.3625	0
41.4	0
41.4375	0
41.475	0
41.5125	0
41.55	0
41.5875	0
41.625	0
41.6625	0
41.7	0
41.7375	0
41.775	0
41.8125	0
41.85	0
41.8875	0
41.925	0
41.9625	0
42	0
42.0375	0
42.075	0
42.1125	0
42.15	0
42.1875	0
42.225	0
42.2625	0
42.3	0
42.3375	0
42.375	0
42.4125	0
42.45	0
42.4875	0
42.525	0
42.5625	0
42.6	0
42.6375	0
42.675	0
42.7125	0
42.75	0
42.7875	0
42.825	0
42.8625	0
42.9	0
42.9375	0
42.975	0
43.0125	0
43.05	0
43.0875	0
43.125	0
43.1625	0
43.2	0
43.2375	0
43.275	0
43.3125	0
43.35	0
43.3875	0
43.425	0
43.4625	0
43.5	0
43.5375	0
43.575	0
43.6125	0
43.65	0
43.6875	2.22806455827646E-043
43.725	1.05798034056524E-042
43.7625	2.95113456586806E-042
43.8	6.84954689361971E-042
43.8375	1.45356689704413E-041
43.875	2.95744040895753E-041
43.9125	5.87031952674952E-041
43.95	1.14397802732085E-040
43.9875	2.19661942073701E-040
44.025	4.16823234705738E-040
44.0625	7.83297815588286E-040
44.1	1.45993860116142E-039
44.1375	2.70127183929124E-039
44.175	4.96575334205857E-039
44.2125	9.07513816010663E-039
44.25	1.64961597908504E-038
44.2875	2.98369093308972E-038
44.325	5.37172464119688E-038
44.3625	9.62915019602793E-038
44.4	1.71902551500951E-037
44.4375	3.05694179244251E-037
44.475	5.4160230487705E-037
44.5125	9.56159796911404E-037
44.55	1.68227544263731E-036
44.5875	2.95007791956364E-036
44.625	5.15687951125406E-036
44.6625	8.98669592499558E-036
44.7	1.56138782314298E-035
44.7375	2.70491438124563E-035
44.775	4.67260755066005E-035
44.8125	8.04926529593403E-035
44.85	1.38283364638559E-034
44.8875	2.36932021462141E-034
44.925	4.04891865972037E-034
44.9625	6.90137141471581E-034
45	1.17335862452364E-033
45.0375	1.98994810141699E-033
45.075	3.36653904628024E-033
45.1125	5.68159839574995E-033
45.15	9.56567417657665E-033
45.1875	1.60668551517107E-032
45.225	2.69232640024765E-032
45.2625	4.50107836576752E-032
45.3	7.50770609454933E-032
45.3375	1.2494211905455E-031
45.375	2.0745791984103E-031
45.4125	3.4369931377365E-031
45.45	5.68148957436042E-031
45.4875	9.37103814356883E-031
45.525	1.54227444915456E-030
45.5625	2.53273799579583E-030
45.6	4.15029890845954E-030
45.6375	6.78632110413331E-030
45.675	1.10728761707345E-029
45.7125	1.80286151630812E-029
45.75	2.9291706256163E-029
45.7875	4.7491043071752E-029
45.825	7.68364797640978E-029
45.8625	1.24055419027363E-028
45.9	1.99875778152802E-028
45.9375	3.21369096463961E-028
45.975	5.1564496848809E-028
46.0125	8.25663789417799E-028
46.05	1.31936293063434E-027
46.0875	2.1039557825056E-027
46.125	3.34828775658752E-027
46.1625	5.31771675469868E-027
46.2	8.42841871185868E-027
46.2375	1.33317631649307E-026
46.275	2.1045134162617E-026
46.3125	3.3154338569266E-026
46.35	5.21261043761611E-026
46.3875	8.17896040173319E-026
46.425	1.2807680649208E-025
46.4625	2.00158417038826E-025
46.5	3.12183222986484E-025
46.5375	4.85935852425814E-025
46.575	7.54889251287154E-025
46.6125	1.17037080228013E-024
46.65	1.81092585731959E-024
46.6875	2.79650658419738E-024
46.725	4.30992696174825E-024
46.7625	6.62923837095728E-024
46.8	1.01764847487765E-023
46.8375	1.55909664669757E-023
46.875	2.38391083430712E-023
46.9125	3.63788728469006E-023
46.95	5.5405285957625E-023
46.9875	8.42163542389199E-023
47.025	1.27757159560246E-022
47.0625	1.93427356052097E-022
47.1	2.92277054839318E-022
47.1375	4.40773973443E-022
47.175	6.6340955453229E-022
47.2125	9.96533928018148E-022
47.25	1.49398835267307E-021
47.2875	2.23535786240296E-021
47.325	3.33804050993086E-021
47.3625	4.97485888214354E-021
47.4	7.39970492051293E-021
47.4375	1.09848050539265E-020
47.475	1.62747527025867E-020
47.5125	2.4064692193975E-020
47.55	3.55131966047228E-020
47.5875	5.23049016472382E-020
47.625	7.68843247488328E-020
47.6625	1.12791298099222E-019
47.7	1.65141142149351E-019
47.7375	2.41310582516133E-019
47.775	3.5191540961183E-019
47.8125	5.12201040339586E-019
47.85	7.44015977164523E-019
47.8875	1.07860639903916E-018
47.925	1.56056545768987E-018
47.9625	2.25340087522359E-018
48	3.24736880981783E-018
48.0375	4.67047101516937E-018
48.075	6.70385756388549E-018
48.1125	9.60335515350384E-018
48.15	1.37294875588735E-017
48.1875	1.95892515618114E-017
48.225	2.78941118246193E-017
48.2625	3.96403379119459E-017
48.3	5.62200450162158E-017
48.3375	7.95743117064582E-017
48.375	1.12403879373936E-016
48.4125	1.58458370970243E-016
48.45	2.22932480742211E-016
48.4875	3.13007261372434E-016
48.525	4.38588366132356E-016
48.5625	6.13310087327237E-016
48.6	8.55897782322027E-016
48.6375	1.19201326716586E-015
48.675	1.656746893402E-015
48.7125	2.29797645722016E-015
48.75	3.18088379088952E-015
48.7875	4.39401178948542E-015
48.825	6.05737104559015E-015
48.8625	8.33326090695242E-015
48.9	1.14406808950519E-014
48.9375	1.56744768260806E-014
48.975	2.1430717918043E-014
49.0125	2.92402481893127E-014
49.05	3.98129236013362E-014
49.0875	5.40958303271635E-014
49.125	7.33496786529605E-014
49.1625	9.92488290987512E-014
49.2	1.34011833748116E-013
49.2375	1.80571581450371E-013
49.275	2.42796180296295E-013
49.3125	3.25775458042202E-013
49.35	4.36190905443723E-013
49.3875	5.82792928499609E-013
49.425	7.77014195173231E-013
49.4625	1.0337564138041E-012
49.5	1.37239633719866E-012
49.5375	1.81806934958229E-012
49.575	2.40330173296999E-012
49.6125	3.17008181857648E-012
49.65	4.17248006978621E-012
49.6875	5.479954164056E-012
49.725	7.18150799244865E-012
49.7625	9.39090732260395E-012
49.8	1.22532036600509E-011
49.8375	1.59528761728422E-011
49.875	2.07239520683133E-011
49.9125	2.68625538479839E-011
49.95	3.47424103375182E-011
49.9875	4.48339837477718E-011
50.025	5.77279439528677E-011
50.0625	7.41639596957278E-011
50.1	9.50658024523321E-011
50.1375	1.21584131651531E-010
50.175	1.55148310865272E-010
50.2125	1.97529131940044E-010
50.25	2.50914317101447E-010
50.2875	3.17999349075393E-010
50.325	4.02095912122036E-010
50.3625	5.07261399551595E-010
50.4	6.38452624102115E-010
50.4375	8.0170803329338E-010
50.475	1.00436203798182E-009
50.5125	1.25529742156516E-009
50.55	1.565239937662E-009
50.5875	1.94710247924945E-009
50.625	2.41638353770668E-009
50.6625	2.9916273902586E-009
50.7	3.69495412044785E-009
50.7375	4.55266624399542E-009
50.775	5.59593971161121E-009
50.8125	6.86160506191413E-009
50.85	8.39303293531657E-009
50.8875	1.02411226166055E-008
50.925	1.24654073729857E-008
50.9625	1.51352779198533E-008
51	1.83313293433685E-008
51.0375	2.2146835476633E-008
51.075	2.66893511735589E-008
51.1125	3.20824327104674E-008
51.15	3.84674834208454E-008
51.1875	4.60056917006568E-008
51.225	5.48800791477788E-008
51.2625	6.52975913340015E-008
51.3	7.74912649603721E-008
51.3375	9.17223417218338E-008
51.375	1.08282414146288E-007
51.4125	1.2749543998325E-007
51.45	1.49719596720388E-007
51.4875	1.75348944253528E-007
51.525	2.04814824655841E-007
51.5625	2.38586750356262E-007
51.6	2.7717297257368E-007
51.6375	3.21120324997537E-007
51.675	3.71013555877653E-007
51.7125	4.27473594299954E-007
51.75	4.9115516276288E-007
51.7875	5.6274330972883E-007
51.825	6.42948521090148E-007
51.8625	7.32501007405517E-007
51.9	8.32143427942356E-007
51.9375	9.42622250477143E-007
51.975	1.06467769001029E-006
52.0125	1.19903199902183E-006
52.05	1.34637673454563E-006
52.0875	1.50735786519363E-006
52.125	1.68256008237222E-006
52.1625	1.87248986094346E-006
52.2	2.07755670089682E-006
52.2375	2.298055051142E-006
52.275	2.53414350481762E-006
52.3125	2.78582547252881E-006
52.35	3.05292837765592E-006
52.3875	3.33508501171309E-006
52.425	3.63171375283855E-006
52.4625	3.94200060327421E-006
52.5	4.26488395532942E-006
52.5375	4.59903822047636E-006
52.575	4.9428645070293E-006
52.6125	5.29447970620822E-006
52.65	5.65171148991794E-006
52.6875	6.01209421802196E-006
52.725	6.37287121207919E-006
52.7625	6.73099611958605E-006
52.8	7.08314519215492E-006
52.8375	7.42572410672437E-006
52.875	7.75488570070593E-006
52.9125	8.06654679763597E-006
52.95	8.35640821605921E-006
52.9875	8.6199779616436E-006
53.025	8.85259760252666E-006
53.0625	9.04946500668302E-006
53.1	9.20566708373372E-006
53.1375	9.31620070332428E-006
53.175	9.37600361794466E-006
53.2125	9.37998083827551E-006
53.25	9.3230337370187E-006
53.2875	9.20008551474893E-006
53.325	9.00611030374421E-006
53.3625	8.73615499585867E-006
53.4	8.38536925584776E-006
53.4375	7.94903462519869E-006
53.475	7.42259180697147E-006
53.5125	6.80167522659758E-006
53.55	6.08214850217337E-006
53.5875	5.26014537172159E-006
53.625	4.33211425843183E-006
53.6625	3.29487011185847E-006
53.7	2.14565261558164E-006
53.7375	8.82189681306045E-007
53.775	-4.97232463203545E-007
53.8125	-1.99369219444634E-006
53.85	-3.6075525713386E-006
53.8875	-5.33837555849459E-006
53.925	-7.1848380684969E-006
53.9625	-9.14464271772886E-006
54	-1.1214436199225E-005
54.0375	-1.33897310661268E-005
54.075	-1.56648329721065E-005
54.1125	-1.80327770067379E-005
54.15	-2.04852822207613E-005
54.1875	-2.30127152462956E-005
54.225	-2.56040730164386E-005
54.2625	-2.82469809462782E-005
54.3	-3.09277129417751E-005
54.3375	-3.36312295985408E-005
54.375	-3.63412400474772E-005
54.4125	-3.90402528864797E-005
54.45	-4.17096780438442E-005
54.4875	-4.43299359176308E-005
54.525	-4.68805483251344E-005
54.5625	-4.93402658321429E-005
54.6	-5.16871987201739E-005
54.6375	-5.38989406777546E-005
54.675	-5.59526997676585E-005
54.7125	-5.78254257561639E-005
54.75	-5.94939556322061E-005
54.7875	-6.09351227467414E-005
54.825	-6.21259023318999E-005
54.8625	-6.30435388302431E-005
54.9	-6.36656768620014E-005
54.9375	-6.39705103822052E-005
54.975	-6.39369245618582E-005
55.0125	-6.35446631349623E-005
55.05	-6.27744739176705E-005
55.0875	-6.16083343629725E-005
55.125	-6.00296007178258E-005
55.1625	-5.80232335778419E-005
55.2	-5.55760161660146E-005
55.2375	-5.26767653354909E-005
55.275	-4.93165644002147E-005
55.3125	-4.54889741376974E-005
55.35	-4.1190258343704E-005
55.3875	-3.64195693691727E-005
55.425	-3.11791154672392E-005
55.4625	-2.54743190453155E-005
55.5	-1.93139276234433E-005
55.5375	-1.27100829558913E-005
55.575	-5.67836877962691E-006
55.6125	1.76219873537775E-006
55.65	9.58921191340778E-006
55.6875	1.77769506990444E-005
55.725	2.6296505893697E-005
55.7625	3.51159178535454E-005
55.8	4.42003583884798E-005
55.8375	5.35123253939673E-005
55.875	6.30118520348333E-005
55.9125	7.26567086530849E-005
55.95	8.24026574264281E-005
55.9875	9.22036560950801E-005
56.025	0.000102012098068371
56.0625	0.000111779067083262
56.1	0.000121454570034985
56.1375	0.000130987769807689
56.175	0.000140327261760831
56.2125	0.000149421350215562
56.25	0.00015821831766516
56.2875	0.000166666737641208
56.325	0.000174715780303814
56.3625	0.000182315547135659
56.4	0.000189417420187965
56.4375	0.000195974411326461
56.475	0.000201941511477344
56.5125	0.000207276054425165
56.55	0.000211938036954962
56.5875	0.000215890453546308
56.625	0.000219099558307789
56.6625	0.000221535141463391
56.7	0.000223170733079314
56.7375	0.00022398385044653
56.775	0.000223956012632698
56.8125	0.000223073031520471
56.85	0.000221324953599833
56.8875	0.00021870614727959
56.925	0.00021521543385461
56.9625	0.00021085595653858
57	0.000205635253223591
57.0375	0.000199565285583958
57.075	0.000192662308108993
57.1125	0.000184946969966404
57.15	0.000176444111275487
57.1875	0.000167182792210951
57.225	0.000157196147483774
57.2625	0.000146521226270124
57.3	0.000135198817588389
57.3375	0.000123273261124268
57.375	0.000110792112536728
57.4125	9.78058233158663E-005
57.45	8.43673988129012E-005
57.4875	7.05319835105911E-005
57.525	5.63564535696059E-005
57.5625	4.18990202888381E-005
57.6	2.72188080998603E-005
57.6375	1.23754680316779E-005
57.675	-2.57117062574252E-006
57.7125	-1.75614059116924E-005
57.75	-3.25359069393016E-005
57.7875	-4.74359185318463E-005
57.825	-6.22033767285757E-005
57.8625	-7.67810197430663E-005
57.9	-9.11124370759353E-005
57.9375	-0.000105142113170587
57.975	-0.000118815471068956
58.0125	-0.000132078930619173
58.05	-0.000144880003063008
58.0875	-0.000157167422003113
58.125	-0.000168891259818338
58.1625	-0.000180003262357786
58.2	-0.000190457023563795
58.2375	-0.000200208291062154
58.275	-0.000209215344511904
58.3125	-0.000217439286643639
58.35	-0.000224844377953559
58.3875	-0.000231398240430281
58.425	-0.000237072177696973
58.4625	-0.000241841276874766
58.5	-0.000245684524998069
58.5375	-0.000248584779910743
58.575	-0.000250528770266101
58.6125	-0.000251506891800091
58.65	-0.000251513061812148
58.6875	-0.000250544486334547
58.725	-0.000248601456405595
58.7625	-0.00024568717344664
58.8	-0.000241807429119945
58.8375	-0.000236970387049951
58.875	-0.000231186524615623
58.9125	-0.000224468414671719
58.95	-0.000216830740100704
58.9875	-0.000208290162845515
59.025	-0.000198865280253813
59.0625	-0.000188576697837561
59.1	-0.000177446971065365
59.1375	-0.00016550077998545
59.175	-0.000152764871018007
59.2125	-0.000139268289785832
59.25	-0.000125042453873903
59.2875	-0.000110121429315768
59.325	-9.45421343203634E-005
59.3625	-7.83445866545662E-005
59.4	-6.15722237853333E-005
59.4375	-4.42722193838563E-005
59.475	-2.64957634499297E-005
59.5125	-8.29834880278213E-006
59.55	1.02600042737322E-005
59.5875	2.91146079689497E-005
59.625	4.81960669276305E-005
59.6625	6.74303737469018E-005
59.7	8.67391863721423E-005
59.7375	0.00010604017006699
59.775	0.000125247577670962
59.8125	0.00014427286805585
59.85	0.000163025440997444
59.8875	0.000181413430254906
59.925	0.000199344431166537
59.9625	0.000216726199141704
60	0.000233467319048941
60.0375	0.000249477685429156
60.075	0.000264668866293505
60.1125	0.000278954365057871
60.15	0.000292249751510099
60.1875	0.000304472778225318
60.225	0.000315543438773602
60.2625	0.000325383996823803
60.3	0.000333919102558866
60.3375	0.000341076054610312
60.375	0.000346785353031009
60.4125	0.000350981106748804
60.45	0.000353601790266111
60.4875	0.000354591174982488
60.525	0.000353899318724871
60.5625	0.000351483526173979
60.6	0.000347309367498383
60.6375	0.000341351638780907
60.675	0.000333595235133544
60.7125	0.000324035674566403
60.75	0.000312679709168151
60.7875	0.000299545528832823
60.825	0.000284662732155994
60.8625	0.000268072268227115
60.9	0.000249826145591214
60.9375	0.000229986966587603
60.975	0.000208627476240508
61.0125	0.000185829965630546
61.05	0.000161685718921945
61.0875	0.000136294431285933
61.125	0.000109763670479879
61.1625	8.22083311504684E-005
61.2	5.37501400685869E-005
61.2375	2.45171631831909E-005
61.275	-5.35670187673531E-006
61.3125	-3.57322351192124E-005
61.35	-6.64654435240664E-005
61.3875	-9.74081776803359E-005
61.425	-0.000128408792079426
61.4625	-0.000159312927280553
61.5	-0.00018996445578523
61.5375	-0.000220206537051126
61.575	-0.000249882781645283
61.6125	-0.000278838677331805
61.65	-0.0003069230588153
61.6875	-0.000333989853970706
61.725	-0.000359899713657796
61.7625	-0.000384521612431854
61.8	-0.000407734682084993
61.8375	-0.000429429434007034
61.875	-0.000449509097961709
61.9125	-0.000467890378786251
61.95	-0.000484504038468003
61.9875	-0.000499295012559742
62.025	-0.000512222060933709
62.0625	-0.000523257360327989
62.1	-0.000532385834958404
62.1375	-0.000539604166988283
62.175	-0.000544919981621206
62.2125	-0.00054835103219375
62.25	-0.000549924909137189
62.2875	-0.00054967834148556
62.325	-0.000547657196875662
62.3625	-0.000543916306924075
62.4	-0.000538519758265466
62.4375	-0.000531540717929602
62.475	-0.000523061433341354
62.5125	-0.000513173115905374
62.55	-0.000501975417137146
62.5875	-0.000489575788378716
62.625	-0.000476088142022491
62.6625	-0.00046163160004653
62.7	-0.000446328922407702
62.7375	-0.00043030470260419
62.775	-0.000413683737860993
62.8125	-0.000396589195588604
62.85	-0.00037914133281447
62.8875	-0.00036145604099147
62.925	-0.000343643827363849
62.9625	-0.000325808941852301
63	-0.000308048765873536
63.0375	-0.000290453346678987
63.075	-0.000273105106316507
63.1125	-0.000256078550592065
63.15	-0.000239440123550594
63.1875	-0.000223247945541516
63.225	-0.000207551609491929
63.2625	-0.000192391773452982
63.3	-0.000177799782250077
63.3375	-0.000163797289133072
63.375	-0.00015039587742649
63.4125	-0.00013759674038738
63.45	-0.000125390652101487
63.4875	-0.000113758120278362
63.525	-0.000102669851912651
63.5625	-9.20876118470915E-005
63.6	-8.19654160295613E-005
63.6375	-7.22511176718399E-005
63.675	-6.28882407909259E-005
63.7125	-5.38180174771696E-005
63.75	-4.49814870080445E-005
63.7875	-3.63214494427666E-005
63.825	-2.77841791103128E-005
63.8625	-1.93206906260457E-005
63.9	-1.08875256046304E-005
63.9375	-2.44705097429687E-006
63.975	6.03270109422738E-006
64.0125	1.45785306813195E-005
64.05	2.32127167691942E-005
64.0875	3.19536738970783E-005
64.125	4.08164014515933E-005
64.1625	4.98126501042861E-005
64.2	5.89506562391762E-005
64.2375	6.82345198583789E-005
64.275	7.76631786720827E-005
64.3125	8.72291857376695E-005
64.35	9.6917457995005E-005
64.3875	0.000106704108475242
64.425	0.000116555624117609
64.4625	0.000126428523799405
64.5	0.000136269460199401
64.5375	0.000146015896461904
64.575	0.000155597328557633
64.6125	0.000164936733199283
64.65	0.000173952284967527
64.6875	0.000182559262611903
64.725	0.000190671722521074
64.7625	0.000198204186744988
64.8	0.000205072981771082
64.8375	0.000211197315366007
64.875	0.000216500033275224
64.9125	0.000220908128540032
64.95	0.000224353061639704
64.9875	0.000226770775043406
65.025	0.000228101707762107
65.0625	0.000228290780796669
65.1	0.000227287426241674
65.1375	0.000225045732804574
65.175	0.000221524824155495
65.2125	0.000216689411900006
65.25	0.000210510494071059
65.2875	0.000202966301003471
65.325	0.000194043357623741
65.3625	0.000183737516636029
65.4	0.000172054904396646
65.4375	0.000159012590302154
65.475	0.000144638979691081
65.5125	0.000128973770188168
65.55	0.000112067551526707
65.5875	9.39809906412847E-005
65.625	7.47837912058458E-005
65.6625	5.45535185665358E-005
65.7	3.33744319505058E-005
65.7375	1.13363894342911E-005
65.775	-1.14660942927003E-005
65.8125	-3.49346482835244E-005
65.85	-5.8967707445845E-005
65.8875	-8.34611055324785E-005
65.925	-0.000108308617200237
65.9625	-0.000133402514620684
66	-0.00015863410953898
66.0375	-0.000183894400834106
66.075	-0.000209074554732069
66.1125	-0.000234066479606554
66.15	-0.000258763320744038
66.1875	-0.000283059809589759
66.225	-0.000306852540234104
66.2625	-0.000330040144035593
66.3	-0.000352523580659181
66.3375	-0.000374206225387752
66.375	-0.000394994101952761
66.4125	-0.000414796231780201
66.45	-0.000433525041444227
66.4875	-0.000451096741016954
66.525	-0.000467431906145066
66.5625	-0.000482455943711102
66.6	-0.000496099528390914
66.6375	-0.00050829874817282
66.675	-0.000518995628226548
66.7125	-0.0005281378980726
66.75	-0.000535679166205227
66.7875	-0.000541579094715416
66.825	-0.000545803341083229
66.8625	-0.000548323791008443
66.9	-0.00054911884944886
66.9375	-0.000548173498827964
66.975	-0.000545479531865567
67.0125	-0.000541035726200789
67.05	-0.000534848019015044
67.0875	-0.000526929565239698
67.125	-0.000517300679348409
67.1625	-0.000505989009980112
67.2	-0.000493029714561999
67.2375	-0.000478465517517179
67.275	-0.000462346855783835
67.3125	-0.000444731762399897
67.35	-0.000425685633672401
67.3875	-0.000405280821723863
67.425	-0.00038359611062333
67.4625	-0.000360715814167634
67.5	-0.000336728931870312
67.5375	-0.000311728508677334
67.575	-0.000285811052890494
67.6125	-0.00025907636154443
67.65	-0.000231627753237262
67.6875	-0.000203572650207207
67.725	-0.000175023262272589
67.7625	-0.000146097430842929
67.8	-0.000116919181891717
67.8375	-8.76188641996123E-005
67.875	-5.83327928325161E-005
67.9125	-2.9202275982243E-005
67.95	-3.72104295820463E-007
67.9875	2.80113072221866E-005
68.025	5.58019819436595E-005
68.0625	8.28564079711214E-005
68.1	0.000109035318018869
68.1375	0.000134205154608935
68.175	0.00015823902504053
68.2125	0.000181017210707068
68.25	0.000202427298063412
68.2875	0.000222363916691393
68.325	0.00024072831729427
68.3625	0.000257427920587361
68.4	0.000272375822532922
68.4375	0.000285490736132488
68.475	0.000296697078738362
68.5125	0.000305925525026396
68.55	0.000313113851007074
68.5875	0.000318208331009373
68.625	0.000321165221976116
68.6625	0.00032195245148614
68.7	0.000320551131153479
68.7375	0.000316956953611225
68.775	0.00031118089100346
68.8125	0.000303249398712069
68.85	0.000293204124318436
68.8875	0.000281100656138733
68.925	0.000267007184447721
68.9625	0.00025100281345658
69	0.000233176077017561
69.0375	0.000213623497984372
69.075	0.000192448773304932
69.1125	0.000169762322911993
69.15	0.000145681318826973
69.1875	0.000120329990750179
69.225	9.38400407903828E-005
69.2625	6.63510581944138E-005
69.3	3.80106648663059E-005
69.3375	8.97445897862781E-006
69.375	-2.05944434128469E-005
69.4125	-5.05261996295303E-005
69.45	-8.06453317636624E-005
69.4875	-0.000110772118205205
69.525	-0.000140724136144854
69.5625	-0.000170317958691157
69.6	-0.000199370813788846
69.6375	-0.000227702286792919
69.675	-0.000255135702900589
69.7125	-0.000281499524135143
69.75	-0.000306628382531926
69.7875	-0.000330363865941763
69.825	-0.000352555071003735
69.8625	-0.000373059214325622
69.9	-0.000391741836210713
69.9375	-0.000408477382734418
69.975	-0.000423149671405554
70.0125	-0.00043565290980041
70.05	-0.000445892626885325
70.0875	-0.000453786895377561
70.125	-0.000459267670521513
70.1625	-0.000462281779618934
70.2	-0.000462791736936197
70.2375	-0.000460776238469407
70.275	-0.00045622990000993
70.3125	-0.000449163053417578
70.35	-0.000439600873505697
70.3875	-0.000427582941483706
70.425	-0.000413162517361343
70.4625	-0.000396406365325674
70.5	-0.0003773947537411
70.5375	-0.000356221717083827
70.575	-0.000332995201461017
70.6125	-0.000307837326545268
70.65	-0.000280884298263118
70.6875	-0.000252286030445248
70.725	-0.000222205446334556
70.7625	-0.000190817547263578
70.8	-0.00015830816118978
70.8375	-0.000124872647575103
70.875	-9.07143694348633E-005
70.9125	-5.60432526981458E-005
70.95	-2.10741345654242E-005
70.9875	1.39748790388694E-005
71.025	4.88841105834581E-005
71.0625	8.34340025903657E-005
71.1	0.000117406743811443
71.1375	0.000150587788084522
71.175	0.000182767194928601
71.2125	0.000213740844628774
71.25	0.000243311456870288
71.2875	0.000271289638476446
71.325	0.000297494960250333
71.3625	0.000321757048368454
71.4	0.000343916908605024
71.4375	0.00036382838152349
71.475	0.000381359539460391
71.5125	0.000396394025301561
71.55	0.000408832187531516
71.5875	0.000418591895140707
71.625	0.000425609003286809
71.6625	0.000429837527917698
71.7	0.000431249645771459
71.7375	0.000429835490649566
71.775	0.000425602978793904
71.8125	0.000418577692471445
71.85	0.000408803054597229
71.8875	0.000396340299630538
71.925	0.000381268531782553
71.9625	0.000363684695912525
72	0.000343703432008624
72.0375	0.000321456434903666
72.075	0.000297091988613829
72.1125	0.000270774122327566
72.15	0.000242681329837069
72.1875	0.000213005449040793
72.225	0.00018195016309619
72.2625	0.000149729326949455
72.3	0.000116565177449957
72.3375	8.26864634291269E-005
72.375	4.83265357615892E-005
72.4125	1.37216229632031E-005
72.45	-2.08906967600342E-005
72.4875	-5.52727215108462E-005
72.525	-8.91875679371879E-005
72.5625	-0.000122399957035668
72.6	-0.000154676949023269
72.6375	-0.000185788856470026
72.675	-0.000215510430280119
72.7125	-0.000243622358539142
72.75	-0.000269913201918826
72.7875	-0.000294181547360495
72.825	-0.000316238001687452
72.8625	-0.000335907359840348
72.9	-0.000353030278347433
72.9375	-0.000367464614100754
72.975	-0.000379086268367246
73.0125	-0.000387789797969162
73.05	-0.0003934889100492
73.0875	-0.000396116462070495
73.125	-0.00039562484016642
73.1625	-0.000391986046452075
73.2	-0.000385191844543442
73.2375	-0.000375253846868873
73.275	-0.00036220348556526
73.3125	-0.000346091750543565
73.35	-0.000326989160384983
73.3875	-0.000304985180264339
73.425	-0.000280188163742423
73.4625	-0.000252724683377892
73.5	-0.000222739152377471
73.5375	-0.000190393009688705
73.575	-0.000155863832333125
73.6125	-0.000119344113045372
73.65	-8.10397614259273E-005
73.6875	-4.11685832659714E-005
73.725	4.13856469094753E-008
73.7625	4.2353287426522E-005
73.8	8.55226389830932E-005
73.8375	0.000129298219690099
73.875	0.000173422769876197
73.9125	0.000217633656575345
73.95	0.000261663692072034
73.9875	0.000305242370814085
74.025	0.00034809744101949
74.0625	0.000389957218430936
74.1	0.000430553132900968
74.1375	0.000469622609671205
74.175	0.000506911892443895
74.2125	0.000542178750038147
74.25	0.000575195124838501
74.2875	0.000605748908128589
74.325	0.000633645919151604
74.3625	0.000658711069263518
74.4	0.000680789526086301
74.4375	0.000699747411999851
74.475	0.000715472153387964
74.5125	0.000727872364223003
74.55	0.00073687790427357
74.5875	0.000742439355235547
74.625	0.000744527787901461
74.6625	0.000743134587537497
74.7	0.000738271628506482
74.7375	0.00072997179813683
74.775	0.000718289811629802
74.8125	0.000703303085174412
74.85	0.000685112492647022
74.8875	0.000663842889480293
74.925	0.00063964311266318
74.9625	0.000612685224041343
75	0.000583163404371589
75.0375	0.000551292381715029
75.075	0.000517305335961282
75.1125	0.000481451686937362
75.15	0.000443994795205072
75.1875	0.000405209721066058
75.225	0.000365381012670696
75.2625	0.000324800697853789
75.3	0.000283766130451113
75.3375	0.000242578316829167
75.375	0.000201540067791939
75.4125	0.000160954296006821
75.45	0.000121122400742024
75.4875	8.23427399154752E-005
75.525	4.49088365712669E-005
75.5625	9.10766721062828E-006
75.6	-2.47823772951961E-005
75.6375	-5.64935980946757E-005
75.675	-8.57712875586003E-005
75.7125	-0.000112375964818057
75.75	-0.000136085611302406
75.7875	-0.000156697613419965
75.825	-0.000174030472408049
75.8625	-0.000187925223144703
75.9	-0.000198246576474048
75.9375	-0.000204883894184604
75.975	-0.000207752003916539
76.0125	-0.000206791897653602
76.05	-0.000201971328351647
76.0875	-0.000193285159184597
76.125	-0.000180755479959771
76.1625	-0.000164431490702555
76.2	-0.000144388977787457
76.2375	-0.000120729717309587
76.275	-9.35805437620729E-005
76.3125	-6.30924914730713E-005
76.35	-2.94398305413779E-005
76.3875	7.18086812412366E-006
76.425	4.65518496639561E-005
76.4625	8.84354521986097E-005
76.5	0.000132575674797408
76.5375	0.000178700051037595
76.575	0.000226521762670018
76.6125	0.000275741855148226
76.65	0.000326051580486819
76.6875	0.000377134449081495
76.725	0.000428668310632929
76.7625	0.000480327173136175
76.8	0.000531783094629645
76.8375	0.000582707987632602
76.875	0.000632775772828609
76.9125	0.000681664270814508
76.95	0.000729057413991541
76.9875	0.000774647574871778
77.025	0.000818137370515615
77.0625	0.000859241466969252
77.1	0.000897688267286867
77.1375	0.000933221308514476
77.175	0.000965601066127419
77.2125	0.000994606409221888
77.25	0.00102003663778305
77.2875	0.00104171328712255
77.325	0.00105948292184621
77.3625	0.00107321841642261
77.4	0.0010828209342435
77.4375	0.00108822109177709
77.475	0.00108937919139862
77.5125	0.00108628603629768
77.55	0.0010789621155709
77.5875	0.00106745713856071
77.625	0.00105184956919402
77.6625	0.0010322448797524
77.7	0.00100877566728741
77.7375	0.000981599325314164
77.775	0.000950896879658103
77.8125	0.000916871475055814
77.85	0.000879746687132865
77.8875	0.000839764950796962
77.925	0.000797186512500048
77.9625	0.000752288091462106
78	0.000705362297594547
78.0375	0.000656717049423605
78.075	0.000606674293521792
78.1125	0.000555569073185325
78.15	0.000503747374750674
78.1875	0.000451564235845581
78.225	0.000399380689486861
78.2625	0.000347560766385868
78.3	0.000296468264423311
78.3375	0.000246463721850887
78.375	0.000197901405044831
78.4125	0.000151126616401598
78.45	0.000106473053165246
78.4875	6.42604718450457E-005
78.525	2.47925436269725E-005
78.5625	-1.16451919893734E-005
78.6	-4.4787026126869E-005
78.6375	-7.43885975680314E-005
78.675	-0.000100228142400738
78.7125	-0.0001221075799549
78.75	-0.000139853451400995
78.7875	-0.000153317989315838
78.825	-0.000162380238180049
78.8625	-0.000166947225807235
78.9	-0.000166955273016356
78.9375	-0.000162371172336861
78.975	-0.000153193177538924
79.0125	-0.000139451760333031
79.05	-0.000121209799544886
79.0875	-9.8562530183699E-005
79.125	-7.16369177098386E-005
79.1625	-4.05907776439562E-005
79.2	-5.61165688850451E-006
79.2375	3.30845577991568E-005
79.275	7.52551422920078E-005
79.3125	0.000120632248581387
79.35	0.000168924729223363
79.3875	0.000219820271013305
79.425	0.00027298743952997
79.4625	0.000328078138409182
79.5	0.000384729908546433
79.5375	0.000442568387370557
79.575	0.00050120975356549
79.6125	0.000560263229999691
79.65	0.000619333412032574
79.6875	0.000678022915963084
79.725	0.000735934765543789
79.7625	0.000792675011325628
79.8	0.000847855233587325
79.8375	0.000901095103472471
79.875	0.00095202453667298
79.9125	0.00100028631277382
79.95	0.00104553822893649
79.9875	0.00108745496254414
80.025	0.0011257310397923
80.0625	0.00116008194163442
80.1	0.00119024724699557
80.1375	0.00121599179692566
80.175	0.00123710837215185
80.2125	0.00125341850798577
80.25	0.00126477470621467
80.2875	0.00127106136642396
80.325	0.00127219583373517
80.3625	0.00126812933012843
80.4	0.00125884730368853
80.4375	0.00124437024351209
80.475	0.00122475367970765
80.5125	0.0012000878341496
80.55	0.00117049738764763
80.5875	0.00113614019937813
80.625	0.00109720637556165
80.6625	0.00105391652323306
80.7	0.00100652035325766
80.7375	0.000955294934101403
80.775	0.000900542770978063
80.8125	0.000842590350657701
80.85	0.000781785929575562
80.8875	0.000718497030902654
80.925	0.000653107883408666
80.9625	0.000586016802117229
81	0.000517633219715208
81.0375	0.00044837489258498
81.075	0.000378665543394163
81.1125	0.000308932416373864
81.15	0.000239604210946709
81.1875	0.000171108767972328
81.225	0.000103870806924533
81.2625	3.83093574782833E-005
81.3	-2.5164961698465E-005
81.3375	-8.61528023961E-005
81.375	-0.000144268953590654
81.4125	-0.00019914518634323
81.45	-0.000250432931352407
81.4875	-0.000297805905574933
81.525	-0.000340962607879192
81.5625	-0.000379628851078451
81.6	-0.000413560017477721
81.6375	-0.000442543416284025
81.675	-0.000466400029836223
81.7125	-0.000484986259834841
81.75	-0.000498194771353155
81.7875	-0.000505955307744443
81.825	-0.000508234894368798
81.8625	-0.000505037838593125
81.9	-0.000496405526064336
81.9375	-0.000482416158774868
81.975	-0.000463184551335871
82.0125	-0.000438861490692943
82.05	-0.000409633212257177
82.0875	-0.000375720672309399
82.125	-0.000337378354743123
82.1625	-0.000294892932288349
82.2	-0.000248581636697054
82.2375	-0.000198790396098047
82.275	-0.000145891783176921
82.3125	-9.02826432138681E-005
82.35	-3.23816602758598E-005
82.3875	2.73734149232041E-005
82.425	8.85287736309692E-005
82.4625	0.000150617823237553
82.5	0.000213164545129985
82.5375	0.000275687023531646
82.575	0.000337700999807566
82.6125	0.000398723088437691
82.65	0.000458274123957381
82.6875	0.000515882158651948
82.725	0.000571085547562689
82.7625	0.000623435596935451
82.8	0.000672499707434326
82.8375	0.000717864197213203
82.875	0.000759137328714132
82.9125	0.000795952044427395
82.95	0.00082796870265156
82.9875	0.000854877464007586
83.025	0.000876400095876306
83.0625	0.000892291951458901
83.1	0.000902343192137778
83.1375	0.000906380417291075
83.175	0.000904267770238221
83.2125	0.000895908509846777
83.25	0.000881246058270335
83.2875	0.000860265106894076
83.325	0.000832992198411375
83.3625	0.000799496017862111
83.4	0.000759887218009681
83.4375	0.000714318011887372
83.475	0.000662981474306434
83.5125	0.000606110435910523
83.55	0.000543976377230138
83.5875	0.000476888089906424
83.625	0.000405190046876669
83.6625	0.000329260219587013
83.7	0.000249507545959204
83.7375	0.000166368758073077
83.775	8.03051225375384E-005
83.8125	-8.20143395685591E-006
83.85	-9.86518862191588E-005
83.8875	-0.000190533814020455
83.925	-0.000283324770862237
83.9625	-0.000376495649106801
84	-0.000469513703137636
84.0375	-0.000561845838092268
84.075	-0.000652961782179773
84.1125	-0.000742337317205966
84.15	-0.000829457538202405
84.1875	-0.000913820287678391
84.225	-0.000994939007796347
84.2625	-0.00107234588358551
84.3	-0.00114559417124838
84.3375	-0.00121426128316671
84.375	-0.00127795129083097
84.4125	-0.00133629760239273
84.45	-0.00138896552380174
84.4875	-0.0014356552856043
84.525	-0.00147610495332628
84.5625	-0.00151009252294898
84.6	-0.00153743894770741
84.6375	-0.00155800930224359
84.675	-0.0015717139467597
84.7125	-0.00157851004041731
84.75	-0.00157840130850673
84.7875	-0.00157143850810826
84.825	-0.00155771931167692
84.8625	-0.00153738691005856
84.9	-0.00151063001248986
84.9375	-0.00147768121678382
84.975	-0.00143881537951529
85.0125	-0.00139434752054513
85.05	-0.00134463072754443
85.0875	-0.00129005429334939
85.125	-0.00123104068916291
85.1625	-0.00116804346907884
85.2	-0.00110154459252954
85.2375	-0.00103205209597945
85.275	-0.000960097124334425
85.3125	-0.000886230729520321
85.35	-0.00081102061085403
85.3875	-0.000735047331545502
85.425	-0.000658900244161487
85.4625	-0.000583173183258623
85.5	-0.000508460099808872
85.5375	-0.000435350724728778
85.575	-0.000364426290616393
85.6125	-0.000296255137072876
85.65	-0.000231388927204534
85.6875	-0.000170358849572949
85.725	-0.000113672016595956
85.7625	-6.18082922301255E-005
85.8	-1.52172742673429E-005
85.8375	2.56844541581813E-005
85.875	6.05158493272029E-005
85.9125	8.89337607077323E-005
85.95	0.000110635148303118
85.9875	0.000125359103549272
86.025	0.000132888759253547
86.0625	0.000133052992168814
86.1	0.000125727892736904
86.1375	0.000110838009277359
86.175	8.8357221102342E-005
86.2125	5.83092732995283E-005
86.25	2.07679659069981E-005
86.2875	-2.41430498135742E-005
86.325	-7.62508279876783E-005
86.3625	-0.000135334092192352
86.4	-0.000201124479644932
86.4375	-0.000273308221949264
86.475	-0.000351528084138408
86.5125	-0.000435385620221496
86.55	-0.000524443574249744
86.5875	-0.000618228339590132
86.625	-0.000716232985723764
86.6625	-0.000817919964902103
86.7	-0.000922724255360663
86.7375	-0.00103005697019398
86.775	-0.00113930937368423
86.8125	-0.00124985678121448
86.85	-0.0013610637979582
86.8875	-0.00147228839341551
86.925	-0.00158288714010268
86.9625	-0.00169221998658031
87	-0.0017996549140662
87.0375	-0.00190457177814096
87.075	-0.00200636661611497
87.1125	-0.00210445560514927
87.15	-0.00219827773980796
87.1875	-0.00228729890659451
87.225	-0.00237101432867348
87.2625	-0.00244895205833018
87.3	-0.00252067483961582
87.3375	-0.0025857831351459
87.375	-0.00264391745440662
87.4125	-0.00269475975073874
87.45	-0.00273803668096662
87.4875	-0.00277352146804333
87.525	-0.00280103599652648
87.5625	-0.00282045314088464
87.6	-0.00283169816248119
87.6375	-0.00283474940806627
87.675	-0.00282963993959129
87.7125	-0.00281645660288632
87.75	-0.00279534049332142
87.7875	-0.00276648462750018
87.825	-0.00273013394325972
87.8625	-0.0026865832041949
87.9	-0.00263617420569062
87.9375	-0.00257929437793791
87.975	-0.00251637352630496
88.0125	-0.00244788103736937
88.05	-0.00237432261928916
88.0875	-0.00229623657651246
88.125	-0.00221419055014849
88.1625	-0.002128777327016
88.2	-0.00204061064869165
88.2375	-0.00195032218471169
88.275	-0.00185855652671307
88.3125	-0.00176596746314317
88.35	-0.00167321297340095
88.3875	-0.00158095057122409
88.425	-0.00148983264807612
88.4625	-0.00140050170011818
88.5	-0.0013135866029188
88.5375	-0.00122969737276435
88.575	-0.00114942155778408
88.6125	-0.00107332016341388
88.65	-0.00100192346144468
88.6875	-0.000935726857278496
88.725	-0.00087518768850714
88.7625	-0.000820721208583564
88.8	-0.000772697851061821
88.8375	-0.000731440202798694
88.875	-0.000697221024893224
88.9125	-0.000670261273626238
88.95	-0.000650728587061167
88.9875	-0.000638736062683165
89.025	-0.000634341442491859
89.0625	-0.000637546472717077
89.1	-0.000648296962026507
89.1375	-0.000666482781525701
89.175	-0.000691938679665327
89.2125	-0.000724445271771401
89.25	-0.00076373026240617
89.2875	-0.000809470133390278
89.325	-0.000861291715409607
89.3625	-0.000918774225283414
89.4	-0.000981451594270766
89.4375	-0.0010488152038306
89.475	-0.00112031633034348
89.5125	-0.00119536987040192
89.55	-0.00127335800789297
89.5875	-0.00135363452136517
89.625	-0.00143552909139544
89.6625	-0.00151835230644792
89.7	-0.00160140031948686
89.7375	-0.00168396043591201
89.775	-0.0017653158865869
89.8125	-0.0018447507172823
89.85	-0.00192155502736568
89.8875	-0.00199502962641418
89.925	-0.00206449115648866
89.9625	-0.00212927698157728
90	-0.002188750077039
90.0375	-0.00224230298772454
90.075	-0.00228936271741986
90.1125	-0.00232939491979778
90.15	-0.0023619073908776
90.1875	-0.00238645425997674
90.225	-0.00240263738669455
90.2625	-0.0024101110175252
90.3	-0.0024085829500109
90.3375	-0.00239781755954027
90.375	-0.00237763696350157
90.4125	-0.0023479217197746
90.45	-0.00230861362069845
90.4875	-0.00225971406325698
90.525	-0.00220128521323204
90.5625	-0.00213344930671155
90.6	-0.00205638888292015
90.6375	-0.00197034538723528
90.675	-0.00187561963684857
90.7125	-0.00177257019095123
90.75	-0.00166161288507283
90.7875	-0.00154321850277483
90.825	-0.00141791114583611
90.8625	-0.00128626474179327
90.9	-0.00114889990072697
90.9375	-0.00100647960789502
90.975	-0.000859704741742462
91.0125	-0.00070930941728875
91.05	-0.000556055805645883
91.0875	-0.000400728895328939
91.125	-0.000244130802457221
91.1625	-8.70750591275282E-005
91.2	6.96191636961885E-005
91.2375	0.000225132869672962
91.275	0.000378652679501101
91.3125	0.000529375916812569
91.35	0.000676515512168407
91.3875	0.000819304783362895
91.425	0.000957001815550029
91.4625	0.00108889432158321
91.5	0.0012143044732511
91.5375	0.00133259384892881
91.575	0.00144316838122904
91.6125	0.00154548324644566
91.65	0.00163904693908989
91.6875	0.00172342581208795
91.725	0.00179824745282531
91.7625	0.00186320370994508
91.8	0.00191805372014642
91.8375	0.00196262588724494
91.875	0.00199682009406388
91.9125	0.00202060816809535
91.95	0.00203403527848423
91.9875	0.00203721947036684
92.025	0.00203035143204033
92.0625	0.00201369286514819
92.1	0.0019875755533576
92.1375	0.00195240043103695
92.175	0.00190863513853401
92.2125	0.00185681274160743
92.25	0.00179752940312028
92.2875	0.00173144205473363
92.325	0.00165926537010819
92.3625	0.00158176850527525
92.4	0.00149977102410048
92.4375	0.00141413905657828
92.475	0.00132578006014228
92.5125	0.0012356381630525
92.55	0.00114468857645988
92.5875	0.00105393165722489
92.625	0.000964387669228017
92.6625	0.000877090031281114
92.7	0.000793078623246402
92.7375	0.00071339396527037
92.775	0.000639070349279791
92.8125	0.000571129319723696
92.85	0.000510573270730674
92.8875	0.000458378781331703
92.925	0.000415490329032764
92.9625	0.000382813857868314
93	0.000361210404662415
93.0375	0.000351489870809019
93.075	0.000354404939571396
93.1125	0.000370645080693066
93.15	0.000400830700527877
93.1875	0.000445507583208382
93.225	0.000505141855683178
93.2625	0.000580114894546568
93.3	0.000670719309709966
93.3375	0.000777155277319252
93.375	0.000899527105502784
93.4125	0.0010378408478573
93.45	0.00119200197514147
93.4875	0.00136181339621544
93.525	0.00154697406105697
93.5625	0.0017470782622695
93.6	0.00196161400526762
93.6375	0.0021899628918618
93.675	0.00243140105158091
93.7125	0.00268509867601097
93.75	0.00295012211427093
93.7875	0.00322543596848845
93.825	0.00350990449078381
93.8625	0.00380229484289885
93.9	0.00410128151997924
93.9375	0.00440545007586479
93.975	0.00471330294385552
94.0125	0.00502326432615519
94.05	0.00533368997275829
94.0875	0.00564287370070815
94.125	0.00594905717298388
94.1625	0.00625043828040361
94.2	0.00654518138617277
94.2375	0.00683142896741629
94.275	0.00710730906575918
94.3125	0.00737094832584262
94.35	0.00762048177421093
94.3875	0.00785406399518251
94.425	0.00806988030672073
94.4625	0.00826616026461124
94.5	0.00844118464738131
94.5375	0.00859330035746098
94.575	0.00872093252837658
94.6125	0.0088225957006216
94.65	0.00889690592885017
94.6875	0.00894259288907051
94.725	0.00895851198583841
94.7625	0.0089436573907733
94.8	0.00889716949313879
94.8375	0.00881835166364908
94.875	0.00870667491108179
94.9125	0.00856179092079401
94.95	0.00838354043662548
94.9875	0.00817195884883404
95.025	0.00792728457599878
95.0625	0.00764996185898781
95.1	0.00734064681455493
95.1375	0.00700020743533969
95.175	0.00662972638383508
95.2125	0.0062305023893714
95.25	0.00580404745414853
95.2875	0.00535208638757467
95.325	0.00487655261531472
95.3625	0.00437958352267742
95.4	0.00386351370252669
95.4375	0.00333086983300745
95.475	0.00278435950167477
95.5125	0.00222686072811484
95.55	0.00166140997316688
95.5875	0.0010911877034232
95.625	0.000519503490068018
95.6625	-5.02220063935965E-005
95.7	-0.000614475575275719
95.7375	-0.00116967223584652
95.775	-0.00171217625029385
95.8125	-0.00223832437768579
95.85	-0.00274444837123156
95.8875	-0.00322690000757575
95.925	-0.00368207460269332
95.9625	-0.00410643639042974
96	-0.00449654273688793
96.0375	-0.00484906975179911
96.075	-0.0051608388312161
96.1125	-0.00542883947491646
96.15	-0.0056502535007894
96.1875	-0.0058224811218679
96.225	-0.00594316236674786
96.2625	-0.00601019896566868
96.3	-0.0060217771679163
96.3375	-0.00597638683393598
96.375	-0.00587284145876765
96.4125	-0.005710294470191
96.45	-0.00548825738951564
96.4875	-0.00520661007612944
96.525	-0.00486561516299844
96.5625	-0.00446592457592487
96.6	-0.00400858838111162
96.6375	-0.00349505594931543
96.675	-0.00292717944830656
96.7125	-0.00230721244588494
96.75	-0.00163780525326729
96.7875	-0.000921999861020595
96.825	-0.000163219927344471
96.8625	0.000634740514215082
96.9	0.00146773178130388
96.9375	0.00233126548118889
96.975	0.0032205346506089
97.0125	0.00413043657317758
97.05	0.00505559798330069
97.0875	0.00599040417000651
97.125	0.00692902877926826
97.1625	0.00786546710878611
97.2	0.00879357196390629
97.2375	0.00970709137618542
97.275	0.0105997081845999
97.3125	0.0114650800824165
97.35	0.0122968796640635
97.3875	0.0130888409912586
97.425	0.0138347977772355
97.4625	0.0145287262275815
97.5	0.0151647860184312
97.5375	0.0157373640686274
97.575	0.0162411089986563
97.6125	0.0166709758341312
97.65	0.0170222613960505
97.6875	0.0172906443476677
97.725	0.0174722131341696
97.7625	0.0175635069608688
97.8	0.0175615455955267
97.8375	0.017463855445385
97.875	0.0172685030847788
97.9125	0.0169741120189428
97.95	0.0165798887610435
97.9875	0.0160856395959854
98.025	0.0154917845502496
98.0625	0.0147993601858616
98.1	0.0140100345015526
98.1375	0.0131260985508561
98.175	0.0121504655107856
98.2125	0.011086662299931
98.25	0.00993881653994322
98.2875	0.00871164258569479
98.325	0.0074104187078774
98.3625	0.00604096660390496
98.4	0.00460962159559131
98.4375	0.00312320026569068
98.475	0.00158896751236171
98.5125	1.4598248526454E-005
98.55	-0.00159186474047601
98.5875	-0.00322205480188131
98.625	-0.00486732926219702
98.6625	-0.00651881983503699
98.7	-0.00816748663783073
98.7375	-0.00980417337268591
98.775	-0.0114196669310331
98.8125	-0.0130047528073192
98.85	-0.0145502788946033
98.8875	-0.0160472132265568
98.925	-0.0174867082387209
98.9625	-0.018860150128603
99	-0.0201592277735472
99.0375	-0.0213759858161211
99.075	-0.0225028768181801
99.1125	-0.023532822728157
99.15	-0.0244592595845461
99.1875	-0.0252761878073215
99.225	-0.0259782150387764
99.2625	-0.0265606101602316
99.3	-0.027019327506423
99.3375	-0.027351051568985
99.375	-0.027553228661418
99.4125	-0.0276240892708302
99.45	-0.0275626759976149
99.4875	-0.0273688565939665
99.525	-0.0270433351397514
99.5625	-0.026587663218379
99.6	-0.0260042361915112
99.6375	-0.0252962857484818
99.675	-0.0244678799062967
99.7125	-0.0235239006578922
99.75	-0.0224700234830379
99.7875	-0.0213126838207245
99.825	-0.0200590584427118
99.8625	-0.0187170170247555
99.9	-0.0172950848937035
99.9375	-0.0158023871481419
99.975	-0.0142486076802015
100.0125	-0.012643925845623
100.05	-0.0109989549964666
100.0875	-0.00932468008249998
100.125	-0.00763238687068224
100.1625	-0.00593358930200338
100.2	-0.0042399549856782
100.2375	-0.00256322720088065
100.275	-0.000915145385079086
100.3125	0.00069263472687453
100.35	0.00224862387403846
100.3875	0.00374157959595323
100.425	0.00516058970242739
100.4625	0.00649514980614185
100.5	0.00773524586111307
100.5375	0.00887142587453127
100.575	0.00989487860351801
100.6125	0.0107974987477064
100.65	0.0115719577297568
100.6875	0.012211762368679
100.725	0.0127113135531545
100.7625	0.0130659565329552
100.8	0.0132720274850726
100.8375	0.0133268963545561
100.875	0.0132289920002222
100.9125	0.0129778347909451
100.95	0.0125740515068173
100.9875	0.012019382789731
101.025	0.0113166887313128
101.0625	0.0104699414223433
101.1	0.00948420725762844
101.1375	0.00836562551558018
101.175	0.00712137529626489
101.2125	0.00575962942093611
101.25	0.00428950460627675
101.2875	0.00272100232541561
101.325	0.0010649390751496
101.3625	-0.000667131505906582
101.4	-0.00246300175786018
101.4375	-0.00430990243330598
101.475	-0.00619460269808769
101.5125	-0.00810351315885782
101.55	-0.0100227985531092
101.5875	-0.0119384909048676
101.625	-0.0138366110622883
101.6625	-0.0157032907009125
101.7	-0.0175248924642801
101.7375	-0.0192881412804127
101.775	-0.0209802500903606
101.8125	-0.0225890409201384
101.85	-0.0241030678153038
101.8875	-0.0255117416381836
101.925	-0.0268054455518723
101.9625	-0.0279756430536509
102	-0.029014989733696
102.0375	-0.0299174226820469
102.075	-0.030678253620863
102.1125	-0.0312942378222942
102.15	-0.0317636430263519
102.1875	-0.0320862978696823
102.225	-0.03226363286376
102.2625	-0.03229870647192
102.3	-0.0321962162852287
102.3375	-0.0319624915719032
102.375	-0.0316054560244083
102.4125	-0.0311346054077148
102.45	-0.0305609386414289
102.4875	-0.0298968870192766
102.525	-0.029156219214201
102.5625	-0.0283539351075888
102.6	-0.0275061391294003
102.6375	-0.0266298968344927
102.675	-0.0257430747151375
102.7125	-0.0248641557991505
102.75	-0.0240120589733124
102.7875	-0.0232059210538864
102.825	-0.0224648956209421
102.8625	-0.021807910874486
102.9	-0.0212534368038177
102.9375	-0.0208192449063063
102.975	-0.0205221567302942
103.0125	-0.0203777868300676
103.05	-0.0204002931714058
103.0875	-0.0206021331250668
103.125	-0.0209938082844019
103.1625	-0.0215836279094219
103.2	-0.0223774835467339
103.2375	-0.0233786329627037
103.275	-0.0245874989777803
103.3125	-0.0260014869272709
103.35	-0.0276148188859224
103.3875	-0.0294183939695358
103.425	-0.0313996821641922
103.4625	-0.0335426181554794
103.5	-0.0358275584876537
103.5375	-0.0382312424480915
103.575	-0.0407268181443214
103.6125	-0.0432838760316372
103.65	-0.0458685345947742
103.6875	-0.0484435632824898
103.725	-0.0509685426950455
103.7625	-0.0534000732004642
103.8	-0.0556920021772385
103.8375	-0.0577957332134247
103.875	-0.059660516679287
103.9125	-0.0612338334321976
103.95	-0.0624617896974087
103.9875	-0.0632895454764366
104.025	-0.0636617988348007
104.0625	-0.0635232627391815
104.1	-0.0628191977739334
104.1375	-0.0614959746599197
104.175	-0.059501651674509
104.2125	-0.0567865632474422
104.25	-0.0533039234578609
104.2875	-0.0490104258060455
104.325	-0.0438668765127659
104.3625	-0.0378387868404388
104.4	-0.0308969840407372
104.4375	-0.0230182036757469
104.475	-0.0141856521368027
104.5125	-0.00438955798745155
104.55	0.00637232605367899
104.5875	0.0180942546576262
104.625	0.0307620652019978
104.6625	0.0443528071045876
104.7	0.058834433555603
104.7375	0.0741655454039574
104.775	0.0902952030301094
104.8125	0.107162818312645
104.85	0.124698102474213
104.8875	0.142821177840233
104.925	0.161442622542381
104.9625	0.180463775992393
105	0.199777022004128
105.0375	0.219266220927238
105.075	0.238807156682014
105.1125	0.258268177509308
105.15	0.27751088142395
105.1875	0.29639083147049
105.225	0.314758539199829
105.2625	0.332460314035416
105.3	0.34933939576149
105.3375	0.365236967802048
105.375	0.379993408918381
105.4125	0.393449425697327
105.45	0.405447393655777
105.4875	0.415832787752151
105.525	0.424455344676971
105.5625	0.431170612573624
105.6	0.43584132194519
105.6375	0.438338667154312
105.675	0.438543826341629
105.7125	0.436349213123322
105.75	0.431659877300262
105.7875	0.42439466714859
105.825	0.414487451314926
105.8625	0.401888281106949
105.9	0.386564344167709
105.9375	0.368500858545303
105.975	0.347702026367188
106.0125	0.32419154047966
106.05	0.298013180494308
106.0875	0.269231140613556
106.125	0.237930297851563
106.1625	0.20421627163887
106.2	0.168215319514275
106.2375	0.130073994398117
106.275	0.0899587199091911
106.3125	0.0480551533401012
106.35	0.0045673456043005
106.3875	-0.0402832701802254
106.425	-0.0862590670585632
106.4625	-0.133107528090477
106.5	-0.180562824010849
106.5375	-0.228347405791283
106.575	-0.276173859834671
106.6125	-0.323746770620346
106.65	-0.370764791965485
106.6875	-0.416922748088837
106.725	-0.461913913488388
106.7625	-0.50543224811554
106.8	-0.547174870967865
106.8375	-0.586844265460968
106.875	-0.624150633811951
106.9125	-0.658814430236816
106.95	-0.690568625926971
106.9875	-0.719160854816437
107.025	-0.744355618953705
107.0625	-0.765936374664307
107.1	-0.783707618713379
107.1375	-0.797496736049652
107.175	-0.807155549526215
107.2125	-0.812561929225922
107.25	-0.813621044158936
107.2875	-0.810266613960266
107.325	-0.802461504936218
107.3625	-0.790198802947998
107.4	-0.773501873016357
107.4375	-0.752424836158752
107.475	-0.727052330970764
107.5125	-0.697499573230743
107.55	-0.66391134262085
107.5875	-0.626461505889893
107.625	-0.585352063179016
107.6625	-0.540811538696289
107.7	-0.49309366941452
107.7375	-0.442475825548172
107.775	-0.389256864786148
107.8125	-0.333755254745483
107.85	-0.276306599378586
107.8875	-0.217261284589767
107.925	-0.156981989741325
107.9625	-0.0958409458398819
108	-0.0342172086238861
108.0375	0.0275062043219805
108.075	0.0889451429247856
108.1125	0.149717211723328
108.15	0.2094447016716
108.1875	0.267757296562195
108.225	0.32429501414299
108.2625	0.378710776567459
108.3	0.430673122406006
108.3375	0.479868620634079
108.375	0.526004195213318
108.4125	0.568809270858765
108.45	0.608037710189819
108.4875	0.643469452857971
108.525	0.674912214279175
108.5625	0.702202796936035
108.6	0.725207924842834
108.6375	0.743825256824493
108.675	0.757983803749084
108.7125	0.767644166946411
108.75	0.772798717021942
108.7875	0.773471176624298
108.825	0.769715964794159
108.8625	0.76161777973175
108.9	0.749290287494659
108.9375	0.732875049114227
108.975	0.712540090084076
109.0125	0.688478112220764
109.05	0.660904765129089
109.0875	0.63005656003952
109.125	0.596188724040985
109.1625	0.559573233127594
109.2	0.520496010780334
109.2375	0.479254722595215
109.275	0.436156272888184
109.3125	0.391514182090759
109.35	0.345646232366562
109.3875	0.298871785402298
109.425	0.251509487628937
109.4625	0.203874737024307
109.5	0.156277477741241
109.5375	0.109019927680492
109.575	0.0623945146799088
109.6125	0.0166819021105766
109.65	-0.0278508123010397
109.6875	-0.0709517449140549
109.725	-0.112385660409927
109.7625	-0.151935279369354
109.8	-0.189402386546135
109.8375	-0.224608764052391
109.875	-0.257396876811981
109.9125	-0.287630468606949
109.95	-0.315194845199585
109.9875	-0.339997142553329
110.025	-0.361966282129288
110.0625	-0.381052643060684
110.1	-0.397227853536606
110.1375	-0.410484075546265
110.175	-0.42083352804184
110.2125	-0.42830765247345
110.25	-0.43295618891716
110.2875	-0.434846132993698
110.325	-0.434060782194138
110.3625	-0.430698424577713
110.4	-0.424871027469635
110.4375	-0.416702955961227
110.475	-0.40632951259613
110.5125	-0.393895596265793
110.55	-0.379554331302643
110.5875	-0.36346572637558
110.625	-0.3457952439785
110.6625	-0.326712518930435
110.7	-0.306389957666397
110.7375	-0.285001397132874
110.775	-0.262720823287964
110.8125	-0.239721223711967
110.85	-0.216173395514488
110.8875	-0.192244917154312
110.925	-0.168099209666252
110.9625	-0.143894717097282
111	-0.119784004986286
111.0375	-0.0959129929542542
111.075	-0.0724203214049339
111.1125	-0.0494367182254791
111.15	-0.0270845182240009
111.1875	-0.00547727663069963
111.225	0.0152805000543594
111.2625	0.0350935459136963
111.3	0.0538759902119637
111.3375	0.0715514346957207
111.375	0.0880530178546906
111.4125	0.103323400020599
111.45	0.117314726114273
111.4875	0.129988476634026
111.525	0.141315296292305
111.5625	0.15127469599247
111.6	0.159854844212532
111.6375	0.16705222427845
111.675	0.172871321439743
111.7125	0.177324384450912
111.75	0.180431082844734
111.7875	0.182218164205551
111.825	0.182719051837921
111.8625	0.181973502039909
111.9	0.180027171969414
111.9375	0.176931247115135
111.975	0.172742068767548
112.0125	0.167520716786385
112.05	0.161332681775093
112.0875	0.154247432947159
112.125	0.146337985992432
112.1625	0.137680515646935
112.2	0.128353863954544
112.2375	0.118439070880413
112.275	0.10801899433136
112.3125	0.0971778258681297
112.35	0.0860006660223007
112.3875	0.0745730623602867
112.425	0.0629805475473404
112.4625	0.0513081178069115
112.5	0.0396397300064564
112.5375	0.0280577726662159
112.575	0.0166425667703152
112.6125	0.00547187868505716
112.65	-0.00537954969331622
112.6875	-0.0158404484391212
112.725	-0.0258434526622295
112.7625	-0.0353255271911621
112.8	-0.0442283824086189
112.8375	-0.0524988435208797
112.875	-0.0600892007350922
112.9125	-0.0669575110077858
112.95	-0.073067843914032
112.9875	-0.0783904865384102
113.025	-0.082902118563652
113.0625	-0.0865859016776085
113.1	-0.0894315764307976
113.1375	-0.0914354473352432
113.175	-0.0926003754138947
113.2125	-0.0929356887936592
113.25	-0.092457041144371
113.2875	-0.0911862328648567
113.325	-0.0891509875655174
113.3625	-0.0863846838474274
113.4	-0.0829260498285294
113.4375	-0.0788187757134438
113.475	-0.0741111561655998
113.5125	-0.0688556134700775
113.55	-0.0631082355976105
113.5875	-0.0569283068180084
113.625	-0.0503777973353863
113.6625	-0.0435208454728127
113.7	-0.0364232398569584
113.7375	-0.0291518699377775
113.775	-0.0217741541564465
113.8125	-0.0143574615940452
113.85	-0.00696851452812552
113.8875	0.000327193643897772
113.925	0.00746596045792103
113.9625	0.0143864089623094
114	0.0210299976170063
114.0375	0.0273414980620146
114.075	0.0332694686949253
114.1125	0.0387666895985603
114.15	0.0437905825674534
114.1875	0.0483035780489445
114.225	0.0522734262049198
114.2625	0.055673461407423
114.3	0.0584827736020088
114.3375	0.0606863275170326
114.375	0.0622750259935856
114.4125	0.0632457211613655
114.45	0.0636011809110641
114.4875	0.0633499771356583
114.525	0.062506340444088
114.5625	0.0610899142920971
114.6	0.0591254830360413
114.6375	0.0566426180303097
114.675	0.0536752678453922
114.7125	0.0502613373100758
114.75	0.0464422181248665
114.7875	0.042262326925993
114.825	0.0377685874700546
114.8625	0.0330099239945412
114.9	0.0280367210507393
114.9375	0.0229002945125103
114.975	0.0176523420959711
115.0125	0.0123444264754653
115.05	0.0070274667814374
115.0875	0.00175126735121012
115.125	-0.00343593303114176
115.1625	-0.00848787371069193
115.2	-0.0133606567978859
115.2375	-0.0180130917578936
115.275	-0.0224070027470589
115.3125	-0.0265074986964464
115.35	-0.0302831940352917
115.3875	-0.0337064005434513
115.425	-0.0367532819509506
115.4625	-0.0394039787352085
115.5	-0.0416426919400692
115.5375	-0.0434577353298664
115.575	-0.0448415763676167
115.6125	-0.0457907803356647
115.65	-0.0463059656322002
115.6875	-0.0463917069137096
115.725	-0.0460563972592354
115.7625	-0.0453121103346348
115.8	-0.0441744327545166
115.8375	-0.0426622629165649
115.875	-0.0407975800335407
115.9125	-0.0386051945388317
115.95	-0.036112442612648
115.9875	-0.0333488807082176
116.025	-0.030345942825079
116.0625	-0.0271366015076637
116.1	-0.0237550176680088
116.1375	-0.0202361959964037
116.175	-0.0166156329214573
116.2125	-0.0129289571195841
116.25	-0.00921155791729689
116.2875	-0.00549821928143501
116.325	-0.00182275963015854
116.3625	0.0017823011148721
116.4	0.00528604304417968
116.4375	0.00865941122174263
116.475	0.0118754412978888
116.5125	0.0149094574153423
116.55	0.0177392419427633
116.5875	0.0203451812267303
116.625	0.0227103773504496
116.6625	0.0248207300901413
116.7	0.0266649760305882
116.7375	0.0282346811145544
116.775	0.0295241978019476
116.8125	0.0305305924266577
116.85	0.0312535427510738
116.8875	0.0316952206194401
116.925	0.0318601690232754
116.9625	0.0317551605403423
117	0.0313890464603901
117.0375	0.0307725891470909
117.075	0.029918298125267
117.1125	0.0288402438163757
117.15	0.0275538805872202
117.1875	0.02607586607337
117.225	0.0244239009916782
117.2625	0.0226165559142828
117.3	0.0206731110811234
117.3375	0.0186133868992329
117.375	0.0164575912058353
117.4125	0.0142261413857341
117.45	0.0119395069777966
117.4875	0.00961804855614901
117.525	0.00728186592459679
117.5625	0.00495064444839954
117.6	0.00264351256191731
117.6375	0.000378895783796906
117.675	-0.00182562624104321
117.7125	-0.0039534573443234
117.75	-0.00598911475390196
117.7875	-0.0079183503985405
117.825	-0.00972825102508068
117.8625	-0.0114073324948549
117.9	-0.0129456045106053
117.9375	-0.014334624633193
117.975	-0.0155675299465656
118.0125	-0.0166390463709831
118.05	-0.0175454877316952
118.0875	-0.0182847194373608
118.125	-0.0188561212271452
118.1625	-0.0192605182528496
118.2	-0.0195000972598791
118.2375	-0.0195783171802759
118.275	-0.019499808549881
118.3125	-0.0192702617496252
118.35	-0.018896309658885
118.3875	-0.0183854214847088
118.425	-0.0177457798272371
118.4625	-0.0169861745089293
118.5	-0.0161158926784992
118.5375	-0.0151446210220456
118.575	-0.0140823479741812
118.6125	-0.0129392826929688
118.65	-0.0117257852107286
118.6875	-0.0104523114860058
118.725	-0.00912935845553875
118.7625	-0.0077674244530499
118.8	-0.00637697149068117
118.8375	-0.00496838102117181
118.875	-0.00355190900154412
118.9125	-0.00213764095678926
118.95	-0.000735442154109478
118.9875	0.000645087042357773
119.025	0.00199465570040047
119.0625	0.00330432504415512
119.1	0.00456555187702179
119.1375	0.00577023951336741
119.175	0.00691079813987017
119.2125	0.00798020884394646
119.25	0.00897209346294403
119.2875	0.00988077744841576
119.325	0.0107013424858451
119.3625	0.0114296562969685
119.4	0.0120623959228396
119.4375	0.012597044929862
119.475	0.013031885959208
119.5125	0.0133659830316901
119.55	0.0135991629213095
119.5875	0.0137319788336754
119.625	0.0137656778097153
119.6625	0.0137021467089653
119.7	0.0135438563302159
119.7375	0.013293793424964
119.775	0.0129554001614451
119.8125	0.0125325117260218
119.85	0.0120293078944087
119.8875	0.0114502664655447
119.925	0.0108001260086894
119.9625	0.0100838569924235
120	0.00930663384497166
120.0375	0.00847381912171841
120.075	0.00759094627574086
120.1125	0.00666372291743755
120.15	0.0056980294175446
120.1875	0.00469992170110345
120.225	0.00367563194595277
120.2625	0.0026315595023334
120.3	0.00157425727229565
120.3375	0.000510412908624858
120.375	-0.000553175224922597
120.4125	-0.00160962238442153
120.45	-0.00265198899433017
120.4875	-0.00367332203313708
120.525	-0.00466671539470553
120.5625	-0.00562538532540202
120.6	-0.00654276181012392
120.6375	-0.00741257984191179
120.675	-0.00822896510362625
120.7125	-0.00898649822920561
120.75	-0.00968026183545589
120.7875	-0.0103058656677604
120.825	-0.0108594698831439
120.8625	-0.0113378101959825
120.9	-0.0117382295429707
120.9375	-0.0120587088167667
120.975	-0.0122978966683149
121.0125	-0.0124551085755229
121.05	-0.0125303035601974
121.0875	-0.0125240366905928
121.125	-0.0124373892322183
121.1625	-0.0122719136998057
121.2	-0.0120295807719231
121.2375	-0.0117127578705549
121.275	-0.0113241951912642
121.3125	-0.0108670257031918
121.35	-0.0103447558358312
121.3875	-0.00976124219596386
121.425	-0.00912065710872412
121.4625	-0.00842745415866375
121.5	-0.00768634583801031
121.5375	-0.0069022998213768
121.575	-0.00608054548501968
121.6125	-0.00522659253329039
121.65	-0.00434623891487718
121.6875	-0.00344556174241006
121.725	-0.00253088166937232
121.7625	-0.00160870794206858
121.8	-0.000685668201185763
121.8375	0.000231563666602597
121.875	0.00113633903674781
121.9125	0.00202210294082761
121.95	0.00288246432319283
121.9875	0.00371127249673009
122.025	0.00450269971042871
122.0625	0.0052513312548399
122.1	0.00595224509015679
122.1375	0.00660108681768179
122.175	0.00719412369653583
122.2125	0.00772828003391624
122.25	0.00820115488022566
122.2875	0.00861102528870106
122.325	0.00895683560520411
122.3625	0.00923817791044712
122.4	0.00945525802671909
122.4375	0.00960884615778923
122.475	0.00970022100955248
122.5125	0.00973110925406218
122.55	0.00970363058149815
122.5875	0.00962024461477995
122.625	0.00948370527476072
122.6625	0.00929702166467905
122.7	0.00906341895461082
122.7375	0.00878629740327597
122.775	0.00846919231116772
122.8125	0.0081157386302948
122.85	0.00772964814677835
122.8875	0.00731470342725515
122.925	0.00687476247549057
122.9625	0.00641377363353968
123	0.00593577791005373
123.0375	0.00544489687308669
123.075	0.00494530005380511
123.1125	0.00444115372374654
123.15	0.00393656268715858
123.1875	0.00343551067635417
123.225	0.00294181192293763
123.2625	0.0024590683169663
123.3	0.00199062284082174
123.3375	0.00153950601816177
123.375	0.00110836839303374
123.4125	0.000699404394254088
123.45	0.000314279779559001
123.4875	-4.59228758700192E-005
123.525	-0.00038072798633948
123.5625	-0.000690256943926215
123.6	-0.000975189032033086
123.6375	-0.00123670534230769
123.675	-0.00147642754018307
123.7125	-0.00169635866768658
123.75	-0.00189882563427091
123.7875	-0.00208641588687897
123.825	-0.00226190267130733
123.8625	-0.0024281560909003
123.9	-0.00258804066106677
123.9375	-0.00274431426078081
123.975	-0.00289953825995326
124.0125	-0.00305600883439183
124.05	-0.00321571691893041
124.0875	-0.00338032655417919
124.125	-0.00355117046274245
124.1625	-0.00372925237752497
124.2	-0.00391525262966752
124.2375	-0.00410953629761934
124.275	-0.00431216880679131
124.3125	-0.0045229378156364
124.35	-0.00474137952551246
124.3875	-0.00496680848300457
124.425	-0.00519833713769913
124.4625	-0.00543488282710314
124.5	-0.00567516544833779
124.5375	-0.00591769115999341
124.575	-0.00616073282435536
124.6125	-0.0064023151062429
124.65	-0.00664020096883178
124.6875	-0.00687188282608986
124.725	-0.00709457276389003
124.7625	-0.00730519508942962
124.8	-0.00750038074329495
124.8375	-0.00767647009342909
124.875	-0.00782953575253487
124.9125	-0.00795542821288109
124.95	-0.0080498494207859
124.9875	-0.00810844451189041
125.025	-0.00812690891325474
125.0625	-0.00810109078884125
125.1	-0.00802709441632032
125.1375	-0.00790137052536011
125.175	-0.00772080756723881
125.2125	-0.00748281506821513
125.25	-0.00718540884554386
125.2875	-0.00682728784158826
125.325	-0.00640789791941643
125.3625	-0.00592747144401073
125.4	-0.00538703892379999
125.4375	-0.00478840852156281
125.475	-0.00413412414491177
125.5125	-0.00342741189524531
125.55	-0.00267211929894984
125.5875	-0.00187265546992421
125.625	-0.00103393290191889
125.6625	-0.000161304662469774
125.7	0.000739502022042871
125.7375	0.00166245806030929
125.775	0.00260130502283573
125.8125	0.00354961887933314
125.85	0.00450085941702127
125.8875	0.00544840143993497
125.925	0.00638554804027081
125.9625	0.00730553735047579
126	0.00820154789835215
126.0375	0.00906671397387981
126.075	0.00989415775984526
126.1125	0.0106770321726799
126.15	0.0114085767418146
126.1875	0.0120821772143245
126.225	0.0126914298161864
126.2625	0.013230212032795
126.3	0.0136927552521229
126.3375	0.0140737276524305
126.375	0.0143683282658458
126.4125	0.0145723819732666
126.45	0.0146824456751347
126.4875	0.014695898629725
126.525	0.0146110178902745
126.5625	0.0144270388409495
126.6	0.0141441868618131
126.6375	0.0137636885046959
126.675	0.0132877575233579
126.7125	0.0127195594832301
126.75	0.0120631605386734
126.7875	0.0113234613090754
126.825	0.0105061214417219
126.8625	0.00961746368557215
126.9	0.00866437517106533
126.9375	0.00765420496463776
126.975	0.00659465231001377
127.0125	0.00549366511404514
127.05	0.00435934821143746
127.0875	0.00319988396950066
127.125	0.00202347198501229
127.1625	0.000838286534417421
127.2	-0.000347552704624832
127.2375	-0.00152600277215242
127.275	-0.00268911849707365
127.3125	-0.00382907665334642
127.35	-0.00493820803239942
127.3875	-0.00600903388112783
127.425	-0.00703430641442537
127.4625	-0.00800705328583717
127.5	-0.0089206276461482
127.5375	-0.00976875983178616
127.575	-0.0105456234887242
127.6125	-0.0112459054216743
127.65	-0.0118648866191506
127.6875	-0.0123985214158893
127.725	-0.0128435092046857
127.7625	-0.0131973586976528
127.8	-0.0134584316983819
127.8375	-0.0136259710416198
127.875	-0.0137001182883978
127.9125	-0.0136819155886769
127.95	-0.0135732972994447
127.9875	-0.0133770620450377
128.025	-0.0130968214944005
128.0625	-0.0127369193360209
128.1	-0.0123023316264153
128.1375	-0.0117985447868705
128.175	-0.011231429874897
128.2125	-0.0106071317568421
128.25	-0.00993196666240692
128.2875	-0.00921234861016274
128.325	-0.00845473073422909
128.3625	-0.00766554940491915
128.4	-0.00685117905959487
128.4375	-0.00601788563653827
128.475	-0.00517178932204843
128.5125	-0.00431884126737714
128.55	-0.00346481800079346
128.5875	-0.00261533539742231
128.625	-0.00177586718928069
128.6625	-0.000951760681346059
128.7	-0.000148231047205627
128.7375	0.000629668473266065
128.775	0.00137709802947938
128.8125	0.00208949483931065
128.85	0.00276263570412993
128.8875	0.00339269055984914
128.925	0.00397626450285316
128.9625	0.00451043574139476
129	0.00499279610812664
129.0375	0.00542149972170591
129.075	0.00579531956464052
129.1125	0.00611369218677282
129.15	0.00637674750760198
129.1875	0.00658529903739691
129.225	0.00674079870805144
129.2625	0.00684525817632675
129.3	0.0069011552259326
129.3375	0.00691133644431829
129.375	0.00687893200665712
129.4125	0.00680728070437908
129.45	0.00669986009597778
129.4875	0.00656021945178509
129.525	0.00639190245419741
129.5625	0.00619836710393429
129.6	0.00598291726782918
129.6375	0.00574865192174912
129.675	0.00549844838678837
129.7125	0.0052349790930748
129.75	0.00496075395494699
129.7875	0.00467817112803459
129.825	0.00438956217840314
129.8625	0.00409722095355392
129.9	0.00380341429263353
129.9375	0.00351037480868399
129.975	0.00322029017843306
130.0125	0.00293528940528631
130.05	0.00265742605552077
130.0875	0.00238865707069635
130.125	0.00213080807588995
130.1625	0.00188552588224411
130.2	0.00165421678684652
130.2375	0.00143798382487148
130.275	0.00123756914399564
130.3125	0.00105331302620471
130.35	0.000885133864358068
130.3875	0.000732529675588012
130.425	0.000594598357565701
130.4625	0.000470072554890066
130.5	0.000357369659468532
130.5375	0.000254655897151679
130.575	0.000159925475600176
130.6125	7.10918830009177E-005
130.65	-1.39142939588055E-005
130.6875	-9.70507026067935E-005
130.725	-0.000180081697180867
130.7625	-0.000264516973402351
130.8	-0.000351573835359886
130.8375	-0.000442160468082875
130.875	-0.000536876905243844
130.9125	-0.000636029173620045
130.95	-0.000739655166398734
130.9875	-0.000847563496790826
131.025	-0.000959385011810809
131.0625	-0.00107463647145778
131.1	-0.00119278975762427
131.1375	-0.00131333863828331
131.175	-0.00143585039768368
131.2125	-0.00155999639537185
131.25	-0.00168555637355894
131.2875	-0.00181239889934659
131.325	-0.00194044457748532
131.3625	-0.00206961832009256
131.4	-0.00219979719258845
131.4375	-0.00233075697906315
131.475	-0.00246211793273687
131.5125	-0.00259329588152468
131.55	-0.00272345938719809
131.5875	-0.00285149971023202
131.625	-0.0029760196339339
131.6625	-0.00309534603729844
131.7	-0.00320756621658802
131.7375	-0.00331058562733233
131.775	-0.00340220052748919
131.8125	-0.00348018202930689
131.85	-0.0035423634108156
131.8875	-0.0035867306869477
131.925	-0.00361151131801307
131.9625	-0.00361525500193238
132	-0.003596899099648
132.0375	-0.00355581077747047
132.075	-0.00349179818294942
132.1125	-0.0034050908870995
132.15	-0.0032962909899652
132.1875	-0.00316630746237934
132.225	-0.00301628326997161
132.2625	-0.00284752482548356
132.3	-0.00266143842600286
132.3375	-0.00245947134681046
132.375	-0.00224305829033256
132.4125	-0.00201356969773769
132.45	-0.00177227053791285
132.4875	-0.00152029318269342
132.525	-0.00125863752327859
132.5625	-0.000988200539723039
132.6	-0.000709832645952702
132.6375	-0.000424411264248192
132.675	-0.000132916320580989
132.7125	0.000163506309036165
132.75	0.00046350050251931
132.7875	0.000765475793741643
132.825	0.00106759858317673
132.8625	0.00136779295280576
132.9	0.00166375108528882
132.9375	0.00195295584853739
132.975	0.00223272549919784
133.0125	0.00250028516165912
133.05	0.00275286333635449
133.0875	0.00298780808225274
133.125	0.00320269959047437
133.1625	0.00339544611051679
133.2	0.00356435007415712
133.2375	0.00370813673362136
133.275	0.00382595602422953
133.3125	0.0039173630066216
133.35	0.00398229109123349
133.3875	0.00402102014049888
133.425	0.00403413316234946
133.4625	0.00402246369048953
133.5	0.00398702546954155
133.5375	0.00392892677336931
133.575	0.00384928612038493
133.6125	0.00374915427528322
133.65	0.00362946465611458
133.6875	0.00349101447500288
133.725	0.00333447684533894
133.7625	0.00316043430939317
133.8	0.00296942936256528
133.8375	0.00276201940141618
133.875	0.00253883725963533
133.9125	0.00230065220966935
133.95	0.002048434689641
133.9875	0.00178341392893344
134.025	0.00150712369941175
134.0625	0.00122142140753567
134.1	0.000928476802073419
134.1375	0.000630726688541472
134.175	0.000330804759869352
134.2125	3.145715163555E-005
134.25	-0.00026454369071871
134.2875	-0.000554479833226651
134.325	-0.000835762009955943
134.3625	-0.00110599875915796
134.4	-0.00136306264903396
134.4375	-0.00160515017341822
134.475	-0.00183082651346922
134.5125	-0.00203904323279858
134.55	-0.00222912174649537
134.5875	-0.00240070279687643
134.625	-0.00255366880446672
134.6625	-0.00268806028179824
134.7	-0.00280399643816054
134.7375	-0.00290161767043173
134.775	-0.00298104272224009
134.8125	-0.0030423398129642
134.85	-0.00308550172485411
134.8875	-0.00311042205430567
134.925	-0.00311688077636063
134.9625	-0.00310454750433564
135	-0.00307302107103169
135.0375	-0.00302190356887877
135.075	-0.00295090465806425
135.1125	-0.00285995402373374
135.15	-0.00274929427541792
135.1875	-0.00261953705921769
135.225	-0.00247167283669114
135.2625	-0.00230704178102314
135.3	-0.00212728232145309
135.3375	-0.00193427933845669
135.375	-0.00173011573497206
135.4125	-0.00151703308802098
135.45	-0.00129738647956401
135.4875	-0.00107358256354928
135.525	-0.000847995514050126
135.5625	-0.000622867024503648
135.6	-0.000400208082282916
135.6375	-0.000181723546120338
135.675	3.12234915327281E-005
135.7125	0.000237602391280234
135.75	0.000436667934991419
135.7875	0.000627891451586038
135.825	0.00081088743172586
135.8625	0.000985346734523773
135.9	0.00115098082460463
135.9375	0.00130747398361564
135.975	0.00145443889778107
136.0125	0.0015913782408461
136.05	0.0017176540568471
136.0875	0.0018324782140553
136.125	0.00193492753896862
136.1625	0.0020239888690412
136.2	0.00209862645715475
136.2375	0.00215786229819059
136.275	0.00220085540786386
136.3125	0.00222697132267058
136.35	0.00223583867773414
136.3875	0.00222738995216787
136.425	0.00220189080573618
136.4625	0.00215995404869318
136.5	0.00210253451950848
136.5375	0.00203090114519
136.575	0.00194658199325204
136.6125	0.00185128417797387
136.65	0.00174679839983583
136.6875	0.0016349027864635
136.725	0.00151727686170489
136.7625	0.00139543681871146
136.8	0.00127069384325296
136.8375	0.00114413362462074
136.875	0.00101661158259958
136.9125	0.000888761889655143
136.95	0.000761021743528545
136.9875	0.000633671646937728
137.025	0.0005068956525065
137.0625	0.000380857236450538
137.1	0.000255781604209915
137.1375	0.000132031069369987
137.175	1.01585537777282E-005
137.2125	-0.000109070235339459
137.25	-0.000224688235903159
137.2875	-0.00033556658308953
137.325	-0.000440472271293402
137.3625	-0.000538133608642966
137.4	-0.000627306173555553
137.4375	-0.000706836814060807
137.475	-0.000775724533013999
137.5125	-0.000833179394248873
137.55	-0.000878675375133753
137.5875	-0.00091199204325676
137.625	-0.000933236908167601
137.6625	-0.000942843093071133
137.7	-0.000941539707127959
137.7375	-0.000930298177991062
137.775	-0.000910261180251837
137.8125	-0.000882662308868021
137.85	-0.000848745286930352
137.8875	-0.000809688470326364
137.925	-0.000766539946198463
137.9625	-0.00072016753256321
138	-0.000671227695420384
138.0375	-0.000620156642980874
138.075	-0.000567186332773417
138.1125	-0.000512383237946779
138.15	-0.000455705332569778
138.1875	-0.000397069146856666
138.225	-0.000336418102961034
138.2625	-0.000273784098681062
138.3	-0.000209336954867467
138.3375	-0.000143419834785163
138.375	-7.65688891988248E-005
138.4125	-9.51679976424202E-006
138.45	5.68215255043469E-005
138.4875	0.000121382712677587
138.525	0.000183008261956275
138.5625	0.000240514622419141
138.6	0.000292773474939168
138.6375	0.000338792830007151
138.675	0.000377788644982502
138.7125	0.000409238738939166
138.75	0.000432913919212297
138.7875	0.000448884617071599
138.825	0.000457504822406918
138.8625	0.000459375674836338
138.9	0.000455292087281123
138.9375	0.000446176185505465
138.975	0.000433001958299428
139.0125	0.000416717957705259
139.05	0.000398175441659987
139.0875	0.00037806955515407
139.125	0.000356899545295164
139.1625	0.000334950484102592
139.2	0.000312295538606122
139.2375	0.000288816430838779
139.275	0.000264238595264032
139.3125	0.000238178938161582
139.35	0.000210205020266585
139.3875	0.000179903363459744
139.425	0.00014695234131068
139.4625	0.000111191206087824
139.5	7.26742873666808E-005
139.5375	3.16997138725128E-005
139.575	-1.11937724796007E-005
139.6125	-5.52617166249547E-005
139.65	-9.96135422610678E-005
139.6875	-0.000143285404192284
139.725	-0.000185315089765936
139.7625	-0.000224811083171517
139.8	-0.000261013134149835
139.8375	-0.000293344695819542
139.875	-0.000321458152029663
139.9125	-0.000345269683748484
139.95	-0.000364977779099718
139.9875	-0.000381056597689167
140.025	-0.000394218339351937
140.0625	-0.000405345694161952
140.1	-0.000415402726503089
140.1375	-0.000425339443609118
140.175	-0.000436005968367681
140.2125	-0.000448088394477963
140.25	-0.000462070049252361
140.2875	-0.000478215049952269
140.325	-0.000496567809022963
140.3625	-0.000516962143592536
140.4	-0.000539039843715727
140.4375	-0.00056228251196444
140.475	-0.00058606150560081
140.5125	-0.000609707669354975
140.55	-0.000632594805210829
140.5875	-0.000654224364552647
140.625	-0.000674294482450932
140.6625	-0.000692739151418209
140.7	-0.000709731015376747
140.7375	-0.000725650403182954
140.775	-0.000741031602956355
140.8125	-0.000756498426198959
140.85	-0.000772699830122292
140.8875	-0.000790250604040921
140.925	-0.000809676421340555
140.9625	-0.000831361568998545
141	-0.000855499878525734
141.0375	-0.000882052932865918
141.075	-0.000910724105779082
141.1125	-0.000940957223065197
141.15	-0.000971963803749532
141.1875	-0.00100277864839882
141.225	-0.00103233626578003
141.2625	-0.00105955661274493
141.3	-0.00108342850580812
141.3375	-0.00110308395233005
141.375	-0.00111785484477878
141.4125	-0.0011273103300482
141.45	-0.00113127299118787
141.4875	-0.00112981104757637
141.525	-0.00112320715561509
141.5625	-0.00111190602183342
141.6	-0.00109644676558673
141.6375	-0.00107739050872624
141.675	-0.00105525273829699
141.7125	-0.00103044928982854
141.75	-0.00100325851235539
141.7875	-0.000973798218183219
141.825	-0.00094201322644949
141.8625	-0.000907672103494406
141.9	-0.000870374671649188
141.9375	-0.000829576514661312
141.975	-0.000784636242315173
142.0125	-0.0007348891813308
142.05	-0.000679739518091083
142.0875	-0.000618757330812514
142.125	-0.000551760254893452
142.1625	-0.000478861678857356
142.2	-0.000400476565118879
142.2375	-0.000317286408971995
142.275	-0.000230176243348978
142.3125	-0.000140160322189331
142.35	-4.83109142805915E-005
142.3875	4.43029093730729E-005
142.425	0.000136667207698338
142.4625	0.000227871045353822
142.5	0.000317153986543417
142.5375	0.0004039513587486
142.575	0.000487929093651474
142.6125	0.000568996940273792
142.65	0.000647291773930192
142.6875	0.000723129545804113
142.725	0.000796933833044022
142.7625	0.000869154173415154
142.8	0.00094018888194114
142.8375	0.00101032271049917
142.875	0.00107968167867512
142.9125	0.00114820501767099
142.95	0.00121563056018204
142.9875	0.00128149206284434
143.025	0.00134513364173472
143.0625	0.00140574539545923
143.1	0.00146242266055197
143.1375	0.0015142469201237
143.175	0.00156037707347423
143.2125	0.00160013558343053
143.25	0.00163307425100356
143.2875	0.00165900937281549
143.325	0.00167802534997463
143.3625	0.00169045105576515
143.4	0.00169681967236102
143.4375	0.00169781874865294
143.475	0.00169423443730921
143.5125	0.00168688828125596
143.55	0.00167656724806875
143.5875	0.001663948292844
143.625	0.00164952629711479
143.6625	0.00163355784025043
143.7	0.0016160337254405
143.7375	0.00159668840933591
143.775	0.00157504412345588
143.8125	0.00155048072338104
143.85	0.00152231473475695
143.8875	0.00148987525608391
143.925	0.00145256496034563
143.9625	0.00140990689396858
144	0.00136158044915646
144.0375	0.00130745104979724
144.075	0.00124759413301945
144.1125	0.00118230900261551
144.15	0.00111211289186031
144.1875	0.0010377059224993
144.225	0.00095990631962195
144.2625	0.000879558501765132
144.3	0.000797431450337172
144.3375	0.000714125926606357
144.375	0.000630008347798139
144.4125	0.000545183254871517
144.45	0.000459505041362718
144.4875	0.000372622540453449
144.525	0.000284042034763843
144.5625	0.000193196465261281
144.6	9.95101072476245E-005
144.6375	2.45513001573272E-006
144.675	-9.83990321401507E-005
144.7125	-0.000203340518055484
144.75	-0.000312471733195707
144.7875	-0.000425670092226937
144.825	-0.000542558438610286
144.8625	-0.000662495673168451
144.9	-0.000784594914875925
144.9375	-0.000907775189261884
144.975	-0.00103084172587842
145.0125	-0.00115258456207812
145.05	-0.00127187732141465
145.0875	-0.0013877572491765
145.125	-0.00149947335012257
145.1625	-0.00160649535246193
145.2	-0.00170849030837417
145.2375	-0.00180527789052576
145.275	-0.00189677882008255
145.3125	-0.00198296760208905
145.35	-0.00206383201293647
145.3875	-0.00213933596387506
145.425	-0.00220937724225223
145.4625	-0.0022737376857549
145.5	-0.00233202567324042
145.5375	-0.00238362816162407
145.575	-0.00242768530733883
145.6125	-0.00246310536749661
145.65	-0.00248862500302494
145.6875	-0.00250290473923087
145.725	-0.00250464421696961
145.7625	-0.00249268743209541
145.8	-0.00246610143221915
145.8375	-0.0024242193903774
145.875	-0.00236665131524205
145.9125	-0.00229327566921711
145.95	-0.00220422516576946
145.9875	-0.00209987279959023
146.025	-0.00198081461712718
146.0625	-0.00184783991426229
146.1	-0.00170187919866294
146.1375	-0.00154392689000815
146.175	-0.00137494981754571
146.2125	-0.00119580025784671
146.25	-0.00100715586449951
146.2875	-0.000809502031188458
146.325	-0.000603159132879227
146.3625	-0.000388344080420211
146.4	-0.000165247576660477
146.4375	6.58917124383152E-005
146.475	0.000304726301692426
146.5125	0.000550754077266902
146.55	0.00080328102922067
146.5875	0.00106138631235808
146.625	0.00132388854399323
146.6625	0.00158932176418602
146.7	0.00185593252535909
146.7375	0.00212171254679561
146.775	0.00238446868024766
146.8125	0.00264192488975823
146.85	0.0028918378520757
146.8875	0.00313210440799594
146.925	0.00336084514856339
146.9625	0.00357645307667553
147	0.00377761060371995
147.0375	0.00396328093484044
147.075	0.00413268711417913
147.1125	0.00428527873009443
147.15	0.00442069256678224
147.1875	0.00453870324417949
147.225	0.00463916501030326
147.2625	0.00472194235771894
147.3	0.00478684436529875
147.3375	0.00483357533812523
147.375	0.00486170779913664
147.4125	0.00487068668007851
147.45	0.00485986331477761
147.4875	0.00482855411246419
147.525	0.00477611133828759
147.5625	0.00470200227573514
147.6	0.00460588559508324
147.6375	0.00448768166825175
147.675	0.00434763031080365
147.7125	0.00418633315712214
147.75	0.00400476669892669
147.7875	0.00380427110940218
147.825	0.00358650600537658
147.8625	0.00335338013246655
147.9	0.00310696428641677
147.9375	0.0028493981808424
147.975	0.00258280336856842
148.0125	0.00230920943431556
148.05	0.00203049508854747
148.0875	0.00174834893550724
148.125	0.00146424781996757
148.1625	0.00117945519741625
148.2	0.000895041797775775
148.2375	0.000611928175203502
148.275	0.000330947106704116
148.3125	5.29163953615353E-005
148.35	-0.000221289301407523
148.3875	-0.000490681268274784
148.425	-0.000754124077502638
148.4625	-0.00101033179089427
148.5	-0.00125789095181972
148.5375	-0.0014953042846173
148.575	-0.00172104744706303
148.6125	-0.00193363381549716
148.65	-0.0021316846832633
148.6875	-0.00231400365009904
148.725	-0.00247965077869594
148.7625	-0.00262801186181605
148.8	-0.00275885313749313
148.8375	-0.00287234922870994
148.875	-0.00296907965093851
148.9125	-0.00304998783394694
148.95	-0.00311631290242076
148.9875	-0.00316949980333447
149.025	-0.00321110873483121
149.0625	-0.00324272783473134
149.1	-0.0032659056596458
149.1375	-0.00328210089355707
149.175	-0.0032926534768194
149.2125	-0.00329877296462655
149.25	-0.00330154388211668
149.2875	-0.00330194691196084
149.325	-0.00330089312046766
149.3625	-0.00329926889389753
149.4	-0.00329799065366387
149.4375	-0.00329805701039732
149.475	-0.00330059742555022
149.5125	-0.00330690667033196
149.55	-0.00331846042536199
149.5875	-0.00333690829575062
149.625	-0.00336403818801045
149.6625	-0.00340171414427459
149.7	-0.00345178879797459
149.7375	-0.00351599883288145
149.775	-0.00359585462138057
149.8125	-0.00369253987446427
149.85	-0.00380683573894203
149.8875	-0.00393907632678747
149.925	-0.00408914312720299
149.9625	-0.00425648922100663

